experiment1rider1,experiment1rider2,experiment2rider1,experiment2rider2,experiment3rider1,experiment3rider2,experiment4rider1,experiment4rider2,experiment5rider1,experiment5rider2,experiment6rider1,experiment6rider2,experiment7rider1,experiment7rider2,experiment8rider1,experiment8rider2,experiment9rider1,experiment9rider2,experiment10rider1,experiment10rider2,experiment11rider1,experiment11rider2,experiment12rider1,experiment12rider2,experiment13rider1,experiment13rider2,experiment14rider1,experiment14rider2,experiment15rider1,experiment15rider2,experiment16rider1,experiment16rider2,experiment17rider1,experiment17rider2,experiment18rider1,experiment18rider2,experiment19rider1,experiment19rider2,experiment20rider1,experiment20rider2,experiment21rider1,experiment21rider2,experiment22rider1,experiment22rider2,experiment23rider1,experiment23rider2,experiment24rider1,experiment24rider2,experiment25rider1,experiment25rider2,experiment26rider1,experiment26rider2
0.0,18008.350699999937,2759.605300000061,5916.755500000017,6758.235100000042,3158.678800000008,4006.1906000000176,5046.461299999919,64258.41899999967,3359.6650000000423,3078.088799999998,4759.530000000047,4677.522899999935,22554.121500000005,2915.063099999996,4057.339700000036,2532.7206,4041.52810000003,3284.6074000000226,11060.783299999652,9282.224199999968,4617.643900000029,4543.676800000058,4592.890999999984,3943.563000000059,4019.125300000043,11947.981200000062,4711.408400000068,11875.510800000042,4945.231499999995,4494.661800000039,4855.42089999999,4434.979399999999,4380.385800000025,11109.210200000001,4009.9179000000327,3876.6643000000263,5182.342200000055,5192.691900000015,5105.712600000063,5272.430999999931,4170.714799999988,4392.622600000014,4207.83060000005,4886.005600000018,4425.662800000022,4374.6320999999825,7348.483999999993,63380.89479999975,7298.08129999998,3852.0703000000276,4292.327000000006
18008.350699999937,0.0,7192.057400000001,3472.7931000000153,4829.23540000001,3136.7800000000047,11352.75630000001,7383.29010000002,6597.048499999976,9789.412400000047,5787.404699999977,4043.1014000000114,8971.55839999997,445.6452999999992,2338.591599999995,3573.7889999999916,7168.200100000044,4172.5160000000105,3066.499899999991,143586.41319999815,484.55099999999965,11367.966700000074,3141.2122000000086,26967.35380000012,4183.27090000001,12660.154500000011,3658.6128000000012,12792.12820000001,385.5252000000004,3933.3788000000127,14580.979399999926,2253.221599999997,4675.835699999983,14842.77060000008,771.1977999999986,4338.8565,6472.255699999977,15022.980799999876,3433.778500000009,15220.272499999846,1705.5551999999982,5663.334999999961,4326.233700000006,14576.3054000001,21103.639200000056,10273.932100000027,4017.673599999999,5316.333300000011,20773.324000000022,37032.41989999971,5973.59739999997,5737.879999999972
2759.605300000061,7192.057400000001,0.0,3530.1431000000243,3382.4541999999833,2804.9862999999955,1638.5410999999913,4093.1994000000473,26541.026799999996,1529.1880999999958,1089.4178000000004,2603.408499999983,3824.0105000000003,9003.342800000075,1793.852899999994,1967.967999999996,972.1956999999956,1959.0647999999878,1253.5995999999984,9365.89589999996,4604.090099999974,1846.907200000004,1977.9489000000015,2596.1748999999863,2123.6741999999967,1568.8561000000002,8323.884199999993,1750.5760999999882,5341.744699999993,1827.7465999999934,2045.5368999999891,1822.7180000000026,1628.9058999999893,1758.7895999999955,5104.2255,1929.2100999999943,1247.5243999999989,2743.824200000002,2398.4870999999803,2052.5179999999896,2698.0042000000017,2158.0706999999975,1904.1216000000002,1809.4846000000002,2518.376099999989,1478.855399999995,2308.6357999999864,3750.3472999999776,27754.36790000014,4669.061099999986,1303.054100000003,1384.5870999999931
5916.755500000017,3472.7931000000153,3530.1431000000243,0.0,3957.0740999999944,1634.5640000000062,5780.3220000000165,9749.479299999986,2315.127499999998,2319.466499999986,4455.489700000011,4450.050399999992,7103.592799999968,3098.9254999999907,1317.3859999999966,4127.818300000015,2487.1109999999867,4052.858100000004,2187.7590999999943,47086.06120000073,2711.4342999999967,4631.862399999992,2421.840799999998,7504.900900000023,2544.5241999999944,7506.000800000044,12883.072100000061,3825.584799999993,2435.6528999999978,3465.0969999999907,6242.259500000023,3158.4527999999905,3884.6826999999826,8245.787199999953,2228.961599999997,5541.124800000041,3874.436400000004,8031.091700000003,4109.847299999985,6780.8968999999925,518.8526,5442.703500000008,2735.5419000000015,3518.287800000021,9703.214500000004,4576.0429,3658.4965,8519.091300000015,1788.1514999999997,11106.480800000032,3514.571400000004,4126.453100000003
6758.235100000042,4829.23540000001,3382.4541999999833,3957.0740999999944,0.0,4788.575899999997,3199.5014999999858,8206.836800000016,15842.000500000013,2687.1685000000016,2393.9217999999955,3283.629500000013,9378.103200000001,7212.135599999973,2823.9694999999974,2144.5591000000027,7859.415399999989,1957.1575999999923,2305.136800000004,2874.6636999999405,4763.662999999998,2793.2647999999735,1732.0268999999946,3159.0593999999824,3848.477000000027,3205.024699999995,12966.604999999958,3084.6961000000283,4266.510899999988,2890.7178999999865,3836.189999999997,1999.0602999999935,2358.8721999999934,3510.5919000000054,2396.5132999999983,3731.9917999999934,2082.899499999988,4001.7112000000207,2998.481599999997,2123.876199999988,2644.5987000000023,2167.0996000000023,1837.4992999999954,2124.1349999999934,5743.1555000000135,2398.595699999992,2772.7814999999864,5610.012199999992,69406.48730000036,2563.654100000037,2115.3969999999945,2983.0726999999993
3158.678800000008,3136.7800000000047,2804.9862999999955,1634.5640000000062,4788.575899999997,0.0,3863.232600000035,4221.652500000057,5273.9441999999935,3076.3303000000046,2401.3837999999964,3206.209499999999,4419.564000000008,3131.205999999998,1056.534199999994,3110.752399999989,2489.4920999999845,2847.9394999999863,1975.9838000000057,15887.64950000022,2139.42789999999,4618.967800000007,2090.3948999999966,6097.435900000061,2009.9302999999895,3884.1511999999952,6499.887600000007,5052.415299999995,2432.897400000006,3114.984399999996,5533.365500000049,3128.239299999984,2223.3201999999997,4598.074800000033,2499.2885000000033,2563.9149000000057,3214.6568999999827,3791.4111000000185,3112.498599999995,6477.210500000007,978.4836000000004,3500.0266999999994,2286.2725999999952,3952.9024000000504,6139.204000000045,4464.53410000003,2327.9441999999945,3331.40870000001,5245.239000000023,9816.578600000134,3228.3272000000134,3374.0070000000064
4006.1906000000176,11352.75630000001,1638.5410999999913,5780.3220000000165,3199.5014999999858,3863.232600000035,0.0,8600.7788,43661.57620000025,1965.9518999999916,1595.5164999999922,1822.7841999999798,4465.815799999996,13702.167500000025,2293.7459999999974,1517.3877999999875,3629.4709999999845,1436.6961999999926,1645.680999999994,6281.40010000013,6057.541899999976,1689.0260999999891,2179.5917999999942,2113.579399999987,1796.1121999999923,1581.9431999999838,16081.409100000177,1904.8842999999888,7402.2190999999275,1574.0360000000005,1488.8627999999846,2332.393199999984,2100.6164999999924,1283.711899999995,6448.331200000023,3126.764099999993,1416.5648999999946,2470.379800000005,3315.3418000000693,1893.4420999999916,4176.164000000028,1881.972799999982,1786.7061999999917,1842.1261999999808,1947.5268999999744,1115.1969999999933,2063.080499999987,6120.369700000041,72920.76220000083,3592.2288000000126,1024.1073999999976,986.4627999999994
5046.461299999919,7383.29010000002,4093.1994000000473,9749.479299999986,8206.836800000016,4221.652500000057,8600.7788,0.0,17862.1056,5720.7039000000395,5568.577000000014,7350.976699999994,4294.084600000005,9313.988099999979,4727.908800000052,6107.573000000038,7044.288400000033,5603.646700000013,7949.955400000007,18380.620200000212,8592.993500000008,12321.474100000161,7226.8786000000155,10002.379099999866,4790.837400000014,9211.068100000042,3410.580200000007,12933.484500000164,6727.9725,6670.510099999976,9384.101299999982,4405.482099999998,7154.702100000009,12233.877900000014,4829.015499999999,2977.8114999999993,6668.424600000043,12394.879800000137,5009.4918000000325,12383.900900000035,4101.134000000017,9920.942799999968,9146.254300000022,9136.787799999956,13814.440400000181,12171.175900000151,7392.212499999968,7046.061700000018,14377.321099999892,17082.083200000165,6548.144100000033,5638.6086000000305
64258.41899999967,6597.048499999976,26541.026799999996,2315.127499999998,15842.000500000013,5273.9441999999935,43661.57620000025,17862.1056,0.0,43700.1212000002,19516.90189999999,8809.992500000002,19691.97610000004,5011.231799999992,4237.120800000001,13843.443900000013,29116.405599999925,18284.202100000013,12553.969600000019,395894.26670000306,4724.993699999989,33866.09349999996,9533.810800000034,101198.51060000101,10374.573900000007,39633.597900000066,22216.125299999956,40098.73100000027,4455.332299999981,10182.733400000026,60751.33820000005,8266.965299999989,13755.5634,43262.00060000013,2919.5598999999925,11634.248900000006,26347.581700000006,33282.67980000002,9640.8532,53098.459500000245,3271.491999999995,19860.70899999995,8378.13120000001,63197.01569999993,50541.85950000019,33212.29640000006,7984.583599999988,22286.191099999978,29259.185999999907,118989.25350000254,27677.21469999998,22789.32989999991
3359.6650000000423,9789.412400000047,1529.1880999999958,2319.466499999986,2687.1685000000016,3076.3303000000046,1965.9518999999916,5720.7039000000395,43700.1212000002,0.0,1840.9576999999983,3247.2965000000236,6206.811399999999,12879.998000000096,1623.8921999999855,2261.496699999986,1295.1212999999987,1623.5294999999967,1693.4423999999858,4608.692099999883,3452.9716000000053,1378.6743999999906,2062.1651999999954,1515.821399999987,1836.8568999999857,1804.464399999992,11344.511300000233,1040.3458999999973,5994.181299999937,2035.6578999999992,2087.38019999999,2168.529599999962,2497.2422000000024,1736.854599999994,5069.777299999985,3003.0288000000205,1346.6134000000054,2258.3842999999792,3434.2163000000546,1752.539300000004,1840.1493999999834,2725.0489000000034,1819.026999999996,773.7145999999952,3282.151999999994,1381.3498999999929,3165.264800000045,4135.830100000049,50673.553500000846,2479.912199999999,1070.4515999999915,1686.048400000001
3078.088799999998,5787.404699999977,1089.4178000000004,4455.489700000011,2393.9217999999955,2401.3837999999964,1595.5164999999922,5568.577000000014,19516.90189999999,1840.9576999999983,0.0,1522.498299999995,4028.3949000000093,6900.6648999999925,1187.6967999999997,1100.6455999999976,1818.1846999999927,1251.351900000002,1035.8694000000019,10189.96980000031,3812.807700000026,1592.8782999999987,1486.7632999999928,2854.5344999999998,1859.3819999999932,1469.3709,12236.866600000109,1735.96379999999,3563.2333999999987,1378.2665999999913,2164.5316999999886,1626.4070999999979,1017.8720000000018,1920.8879999999965,3650.8613000000078,1697.7810999999977,971.9069000000069,1897.6255999999994,2333.5779999999922,2120.275899999994,2644.1653000000106,1461.268199999994,1207.2810999999926,1909.3248999999944,2659.2862999999884,1386.020599999998,1362.5058999999967,3766.3491000000117,31964.4717000003,4991.861900000033,806.7410000000012,1200.8171000000018
4759.530000000047,4043.1014000000114,2603.408499999983,4450.050399999992,3283.629500000013,3206.209499999999,1822.7841999999798,7350.976699999994,8809.992500000002,3247.2965000000236,1522.498299999995,0.0,4194.872500000007,4637.991500000007,1542.7597999999962,1094.0884999999969,4487.550999999994,1413.6055000000001,1551.6753000000006,11300.606600000301,3989.4017000000144,3336.180800000056,1784.1956999999982,5013.434700000089,1331.107999999996,2052.413899999984,5030.690100000015,4059.3713000000284,3111.429899999988,1464.285999999986,3451.688600000034,1448.934399999999,1769.151699999998,2461.8806000000263,2373.5166999999947,2467.750100000001,1846.9756999999931,2651.9916000000158,1563.479099999992,3905.9299999999967,2497.423099999997,1321.8992999999975,1710.084599999995,2871.913800000021,2754.7754999999765,2294.2475000000104,874.7199999999992,3603.5424999999877,38069.17850000004,7292.986200000112,1976.4849000000006,1506.129499999993
4677.522899999935,8971.55839999997,3824.0105000000003,7103.592799999968,9378.103200000001,4419.564000000008,4465.815799999996,4294.084600000005,19691.97610000004,6206.811399999999,4028.3949000000093,4194.872500000007,0.0,10062.013199999978,3914.236000000003,5095.499500000011,5221.608700000042,5462.206300000009,4684.414500000012,13623.26299999961,9227.433899999989,6855.056700000023,5718.218600000003,8370.496599999997,3936.8897000000293,5508.144400000003,5672.055399999995,7625.500700000011,8113.973899999999,4399.184800000001,5994.247500000003,5105.523900000013,5409.073700000006,5748.126000000013,6429.196600000004,4282.219899999998,5341.5495000000055,5536.415100000023,4677.300900000007,8294.522600000015,4702.851800000015,5086.585600000009,5471.759300000011,6403.603899999928,5509.583999999994,6497.100000000015,4664.686900000008,7272.449700000004,19095.095600000153,13693.013100000107,5100.329600000016,4653.401400000016
22554.121500000005,445.6452999999992,9003.342800000075,3098.9254999999907,7212.135599999973,3131.205999999998,13702.167500000025,9313.988099999979,5011.231799999992,12879.998000000096,6900.6648999999925,4637.991500000007,10062.013199999978,0.0,2576.9950999999996,4112.937300000002,8829.473300000009,5049.704299999978,3566.714899999997,177103.0330000022,387.0467999999987,12383.154100000005,3540.097699999983,34400.784200000206,5019.646300000002,14891.078600000075,3029.0836000000013,13905.094199999881,436.4919999999983,4285.154799999998,18659.863099999882,2943.442499999989,5371.937999999979,16779.41370000004,1140.8451999999968,6459.829200000002,7930.343000000013,15712.77070000016,4166.232900000008,18821.662099999907,1759.7769000000005,7004.57449999996,4106.74670000002,18727.175299999853,23252.549700000105,11824.244600000146,4398.348899999989,6435.117700000022,18715.526799999978,48090.09970000012,7580.567099999943,7065.004699999966
2915.063099999996,2338.591599999995,1793.852899999994,1317.3859999999966,2823.9694999999974,1056.534199999994,2293.7459999999974,4727.908800000052,4237.120800000001,1623.8921999999855,1187.6967999999997,1542.7597999999962,3914.236000000003,2576.9950999999996,0.0,1290.2464000000016,1368.1677999999984,1242.9890000000041,912.4020000000032,6857.309799999974,2118.301799999995,2306.2495999999987,1087.6721999999986,4082.340200000017,705.7251000000006,2216.006599999995,7201.387600000014,2703.00340000001,1726.4142000000022,1252.0652999999998,3538.1604000000216,1284.5035999999943,1153.165200000001,2948.870700000009,1570.5702999999983,1903.0119999999877,1384.6946999999966,1560.0158000000074,1610.7247999999931,3314.4031000000105,752.8092999999985,1699.642099999992,1072.8140999999978,2370.1864999999834,4279.809700000014,2240.10259999999,913.6988999999987,2985.4769999999976,9667.503000000032,6013.222499999994,1645.2258999999963,1698.5109999999927
4057.339700000036,3573.7889999999916,1967.967999999996,4127.818300000015,2144.5591000000027,3110.752399999989,1517.3877999999875,6107.573000000038,13843.443900000013,2261.496699999986,1100.6455999999976,1094.0884999999969,5095.499500000011,4112.937300000002,1290.2464000000016,0.0,3244.8927999999974,605.6451999999996,865.4822000000008,5366.557100000086,3159.0342000000105,2575.8747000000294,1199.143299999998,3340.5477000000137,1179.0414000000019,1611.0204999999971,9370.199799999991,3878.590700000087,2809.2943999999925,1433.8466999999941,2414.7980000000093,1049.2593999999992,1363.562699999997,2195.4404000000195,2466.8647999999953,1770.2958999999971,1082.6805000000027,3619.7695000000513,2057.7664999999947,2550.208699999981,2258.6268999999884,722.4429000000003,1596.7942999999905,1858.152499999995,4346.661300000044,2097.4109000000026,1102.7506999999996,2832.705000000006,42729.8523000002,4207.386700000039,1172.186599999999,1255.3230999999962
2532.7206,7168.200100000044,972.1956999999956,2487.1109999999867,7859.415399999989,2489.4920999999845,3629.4709999999845,7044.288400000033,29116.405599999925,1295.1212999999987,1818.1846999999927,4487.550999999994,5221.608700000042,8829.473300000009,1368.1677999999984,3244.8927999999974,0.0,3096.301600000012,1423.1620999999977,17103.54289999994,3328.5177000000035,5088.478600000061,3533.1075999999916,4085.9753999999944,2308.3214999999914,3747.530199999995,5977.45369999995,4540.971900000081,5285.637700000001,3944.388799999977,4368.78430000002,3483.2043999999983,3649.141299999996,4678.198100000019,5846.404899999992,4000.5410000000547,3201.0194000000006,5739.434900000081,3715.793899999986,6370.868199999979,2076.922899999995,4011.1706999999938,4158.058699999993,2177.0653999999954,6869.261800000005,4362.372299999988,3503.3334999999965,4028.1704999999915,27610.848599999732,11190.852999999988,2366.130699999996,2384.955699999999
4041.52810000003,4172.5160000000105,1959.0647999999878,4052.858100000004,1957.1575999999923,2847.9394999999863,1436.6961999999926,5603.646700000013,18284.202100000013,1623.5294999999967,1251.351900000002,1413.6055000000001,5462.206300000009,5049.704299999978,1242.9890000000041,605.6451999999996,3096.301600000012,0.0,755.6607999999983,4766.57370000011,3203.4475000000125,2623.414600000067,1318.6585999999872,3039.806300000025,886.8717000000016,1811.9421999999904,9998.6654,3589.4216000000533,3012.7821999999887,971.3729000000002,2240.0504000000174,981.7293999999954,1642.3923999999904,2282.6943000000333,2737.9530999999965,1497.6323999999945,868.9605000000037,3728.904300000068,1775.4742999999837,2524.3401000000194,2083.1242999999927,1277.240099999993,1497.7013999999963,1840.0889999999733,4216.631900000048,1903.4976999999797,1245.2853999999918,2936.421700000001,47543.388100000295,3745.310200000042,1010.6586999999972,908.2057999999996
3284.6074000000226,3066.499899999991,1253.5995999999984,2187.7590999999943,2305.136800000004,1975.9838000000057,1645.680999999994,7949.955400000007,12553.969600000019,1693.4423999999858,1035.8694000000019,1551.6753000000006,4684.414500000012,3566.714899999997,912.4020000000032,865.4822000000008,1423.1620999999977,755.6607999999983,0.0,11949.267300000083,2219.3881000000006,1448.0411999999947,582.4623999999972,3707.3834000000097,891.9632999999949,2025.9476999999972,10369.575800000033,1510.0686999999978,1812.0115000000037,966.1187000000041,2523.3037999999992,906.1972000000028,870.2155999999995,2068.779999999996,2078.615500000012,2901.205000000053,995.6584999999959,1919.1917999999787,2002.804999999992,2532.9620999999847,1104.7312000000072,1488.916999999997,613.4464999999977,1703.7818000000022,4619.881299999995,1483.763499999997,1149.7857000000024,3739.5930999999955,24106.553000000116,5671.7398000000385,871.863400000004,879.1385000000037
11060.783299999652,143586.41319999815,9365.89589999996,47086.06120000073,2874.6636999999405,15887.64950000022,6281.40010000013,18380.620200000212,395894.26670000306,4608.692099999883,10189.96980000031,11300.606600000301,13623.26299999961,177103.0330000022,6857.309799999974,5366.557100000086,17103.54289999994,4766.57370000011,11949.267300000083,0.0,71428.1117000037,6102.964700000158,25064.481399999408,4917.933599999914,6652.596400000143,7524.4507000001495,25527.184900000157,6054.405599999974,112171.53639999616,12880.224500000417,7079.187700000146,24064.01539999999,10937.45220000017,7213.5480999998945,90210.49259999869,7891.225400000099,6661.092800000045,12624.308900000238,6799.7492000000375,4652.895500000151,35658.166100001195,6293.409600000123,6541.215700000101,4008.0392999999626,7243.506700000121,5508.860900000191,8492.265500000134,15041.062300000212,480847.5266999962,3284.3605000000675,6561.331199999827,6808.838400000242
9282.224199999968,484.55099999999965,4604.090099999974,2711.4342999999967,4763.662999999998,2139.42789999999,6057.541899999976,8592.993500000008,4724.993699999989,3452.9716000000053,3812.807700000026,3989.4017000000144,9227.433899999989,387.0467999999987,2118.301799999995,3159.0342000000105,3328.5177000000035,3203.4475000000125,2219.3881000000006,71428.1117000037,0.0,6803.288499999966,2395.318800000005,10282.851500000032,3345.987200000011,7688.148599999999,3936.515600000015,6765.897599999997,551.2252999999993,3316.916699999978,6927.800999999975,2278.3594000000007,3351.149100000019,9480.751400000045,1053.5252999999952,4343.258599999994,3874.043100000033,10467.439900000072,3813.8441000000153,9131.489599999904,1471.7083,4625.4292000000105,3213.772700000006,5011.8568999999925,12755.30769999997,5821.425100000041,3731.2561000000032,3390.767900000007,8689.158900000011,18229.645900000054,3044.9195000000054,3857.779500000015
4617.643900000029,11367.966700000074,1846.907200000004,4631.862399999992,2793.2647999999735,4618.967800000007,1689.0260999999891,12321.474100000161,33866.09349999996,1378.6743999999906,1592.8782999999987,3336.180800000056,6855.056700000023,12383.154100000005,2306.2495999999987,2575.8747000000294,5088.478600000061,2623.414600000067,1448.0411999999947,6102.964700000158,6803.288499999966,0.0,1873.8850000000036,2334.828199999991,2910.4251000000295,1821.560099999986,21175.168899999702,552.3639000000002,7095.413899999973,2112.354000000003,1608.694499999997,2802.9071000000085,2118.160300000009,1568.7094999999877,6082.486099999955,4148.8237000000345,2058.6939000000025,2105.36970000001,4054.454800000035,1480.6106999999993,4163.358100000006,1977.337499999985,1547.569999999987,1724.4915999999887,3048.213899999987,931.2010000000063,2971.5159000000394,8661.53019999999,65232.7994999996,3425.5548000000263,830.7035000000117,1342.4487999999985
4543.676800000058,3141.2122000000086,1977.9489000000015,2421.840799999998,1732.0268999999946,2090.3948999999966,2179.5917999999942,7226.8786000000155,9533.810800000034,2062.1651999999954,1486.7632999999928,1784.1956999999982,5718.218600000003,3540.097699999983,1087.6721999999986,1199.143299999998,3533.1075999999916,1318.6585999999872,582.4623999999972,25064.481399999408,2395.318800000005,1873.8850000000036,0.0,4317.940900000033,1359.872699999999,2909.3465000000106,13210.251700000123,1955.7260999999837,1575.6789000000044,901.6854999999981,3387.3728000000337,901.4774999999951,428.1759000000006,3459.032200000013,1261.9106999999915,2369.979099999994,1355.9932999999965,2232.622799999999,1859.6567999999863,3136.457099999991,864.1086999999984,2178.9591000000005,355.0689999999996,2405.534799999998,5888.305899999995,1820.0126999999948,1413.4196999999979,4742.311300000031,38792.996800000095,6338.335900000043,1143.9683999999982,1507.8611999999973
4592.890999999984,26967.35380000012,2596.1748999999863,7504.900900000023,3159.0593999999824,6097.435900000061,2113.579399999987,10002.379099999866,101198.51060000101,1515.821399999987,2854.5344999999998,5013.434700000089,8370.496599999997,34400.784200000206,4082.340200000017,3340.5477000000137,4085.9753999999944,3039.806300000025,3707.3834000000097,4917.933599999914,10282.851500000032,2334.828199999991,4317.940900000033,0.0,4641.695500000012,2061.4050999999904,15628.880200000132,1671.702399999987,17729.076599999884,4257.77199999998,1539.0817999999938,4393.55360000001,3814.131500000036,2488.4570999999955,15041.784099999904,5143.339799999995,2738.9200000000305,3835.503700000026,5220.073600000032,1946.7743999999689,5475.656399999961,3488.5172999999963,3773.80800000003,1129.0049999999892,3105.090000000011,1789.4774999999854,4914.668100000004,6476.351000000001,130457.69660000168,1717.8022000000144,1773.102400000006,2984.9656000000045
3943.563000000059,4183.27090000001,2123.6741999999967,2544.5241999999944,3848.477000000027,2009.9302999999895,1796.1121999999923,4790.837400000014,10374.573900000007,1836.8568999999857,1859.3819999999932,1331.107999999996,3936.8897000000293,5019.646300000002,705.7251000000006,1179.0414000000019,2308.3214999999914,886.8717000000016,891.9632999999949,6652.596400000143,3345.987200000011,2910.4251000000295,1359.872699999999,4641.695500000012,0.0,3074.062600000015,9937.024900000022,3867.329400000026,3342.5617999999936,895.7708000000034,3861.6737000000226,1115.7873999999965,1748.3636999999947,3080.3252000000352,2019.775199999992,1460.0577999999966,1519.8721999999925,2301.1204999999723,1574.180699999992,4402.170900000036,1353.7782999999993,2220.2787000000085,1177.7368999999983,2319.972300000001,4364.539200000014,2599.772400000001,1149.7974999999958,4202.025099999989,20993.345700000045,6927.186800000001,1756.5339999999837,1353.2074000000002
4019.125300000043,12660.154500000011,1568.8561000000002,7506.000800000044,3205.024699999995,3884.1511999999952,1581.9431999999838,9211.068100000042,39633.597900000066,1804.464399999992,1469.3709,2052.413899999984,5508.144400000003,14891.078600000075,2216.006599999995,1611.0204999999971,3747.530199999995,1811.9421999999904,2025.9476999999972,7524.4507000001495,7688.148599999999,1821.560099999986,2909.3465000000106,2061.4050999999904,3074.062600000015,0.0,16308.064900000096,1746.3457999999828,8511.496800000003,2483.816899999996,1936.952299999975,2911.8315000000343,2719.562199999984,1008.5096999999988,7654.49999999999,3353.047600000012,1487.4203999999836,2687.3318000000104,3899.3211000000406,1732.0992999999964,5181.950800000021,1265.713400000002,2774.5143999999987,1758.0114999999798,2266.6573999999973,1103.8170999999957,1874.9124999999972,6480.087800000012,68892.78390000062,4194.950600000045,1124.4230999999952,1436.6039999999948
11947.981200000062,3658.6128000000012,8323.884199999993,12883.072100000061,12966.604999999958,6499.887600000007,16081.409100000177,3410.580200000007,22216.125299999956,11344.511300000233,12236.866600000109,5030.690100000015,5672.055399999995,3029.0836000000013,7201.387600000014,9370.199799999991,5977.45369999995,9998.6654,10369.575800000033,25527.184900000157,3936.515600000015,21175.168899999702,13210.251700000123,15628.880200000132,9937.024900000022,16308.064900000096,0.0,23158.828199999476,4381.547699999997,13590.005500000143,15101.933500000308,5697.61560000002,12013.093900000044,20662.4051,3006.6112999999973,4990.87630000002,9255.458499999973,23539.624199999696,4891.286399999994,21164.752000000073,8509.954400000037,10350.706599999992,16497.676900000104,13976.884400000108,26209.8237999998,19058.673600000202,10917.915800000004,3353.301800000002,5315.635699999963,22741.637500000437,11408.176200000098,10211.148099999993
4711.408400000068,12792.12820000001,1750.5760999999882,3825.584799999993,3084.6961000000283,5052.415299999995,1904.8842999999888,12933.484500000164,40098.73100000027,1040.3458999999973,1735.96379999999,4059.3713000000284,7625.500700000011,13905.094199999881,2703.00340000001,3878.590700000087,4540.971900000081,3589.4216000000533,1510.0686999999978,6054.405599999974,6765.897599999997,552.3639000000002,1955.7260999999837,1671.702399999987,3867.329400000026,1746.3457999999828,23158.828199999476,0.0,7699.652600000035,2151.9186,1897.8572999999813,3366.500100000036,2352.9352999999896,1492.0798999999995,5681.011899999951,4985.729200000067,2124.486899999999,3191.045300000032,4974.868200000085,1315.6749999999995,4196.881700000011,2942.667200000047,1488.9566999999956,1062.421299999996,3118.5464999999895,1030.3948000000007,3561.2160000000113,9853.32070000021,66287.76050000015,3204.898400000005,965.5936999999986,1351.4718000000048
11875.510800000042,385.5252000000004,5341.744699999993,2435.6528999999978,4266.510899999988,2432.897400000006,7402.2190999999275,6727.9725,4455.332299999981,5994.181299999937,3563.2333999999987,3111.429899999988,8113.973899999999,436.4919999999983,1726.4142000000022,2809.2943999999925,5285.637700000001,3012.7821999999887,1812.0115000000037,112171.53639999616,551.2252999999993,7095.413899999973,1575.6789000000044,17729.076599999884,3342.5617999999936,8511.496800000003,4381.547699999997,7699.652600000035,0.0,2623.635199999978,9493.389600000064,1721.3217000000045,2540.3744999999817,10136.205000000002,759.921999999998,4019.1219000000006,4261.38950000001,9224.972000000085,2337.609999999992,10418.438399999919,1166.032199999997,4217.191699999963,2389.1258999999845,8973.304800000027,14985.210099999997,6343.375000000089,2925.669800000007,4120.356499999988,24780.607300000007,27899.330600000023,3550.660600000002,4053.0173000000227
4945.231499999995,3933.3788000000127,1827.7465999999934,3465.0969999999907,2890.7178999999865,3114.984399999996,1574.0360000000005,6670.510099999976,10182.733400000026,2035.6578999999992,1378.2665999999913,1464.285999999986,4399.184800000001,4285.154799999998,1252.0652999999998,1433.8466999999941,3944.388799999977,971.3729000000002,966.1187000000041,12880.224500000417,3316.916699999978,2112.354000000003,901.6854999999981,4257.77199999998,895.7708000000034,2483.816899999996,13590.005500000143,2151.9186,2623.635199999978,0.0,3245.2542000000185,1154.7358999999922,1666.7196999999906,2509.4435999999923,2243.9678999999787,2037.2253999999955,1194.926699999996,1438.7473999999902,1926.6699999999773,3176.6888000000176,1564.4595999999995,2595.9237999999955,911.3047999999984,2188.6195999999863,4216.5822000000335,1946.35499999999,1516.7244,4469.678700000057,36855.680400000056,6426.030600000017,1183.4533000000026,962.2757000000026
4494.661800000039,14580.979399999926,2045.5368999999891,6242.259500000023,3836.189999999997,5533.365500000049,1488.8627999999846,9384.101299999982,60751.33820000005,2087.38019999999,2164.5316999999886,3451.688600000034,5994.247500000003,18659.863099999882,3538.1604000000216,2414.7980000000093,4368.78430000002,2240.0504000000174,2523.3037999999992,7079.187700000146,6927.800999999975,1608.694499999997,3387.3728000000337,1539.0817999999938,3861.6737000000226,1936.952299999975,15101.933500000308,1897.8572999999813,9493.389600000064,3245.2542000000185,0.0,3486.0609000000222,3069.7473999999693,1775.5905999999916,8532.347999999936,3678.6687000000043,2139.321799999991,3561.071699999984,4451.048300000019,1737.454299999997,5343.96740000001,2510.933200000032,3047.6863000000317,2309.979000000016,1980.9478999999815,1628.7883999999933,3426.1436000000394,5980.458100000049,90010.52420000064,2986.9342999999944,1311.4647999999931,1957.4675999999788
4855.42089999999,2253.221599999997,1822.7180000000026,3158.4527999999905,1999.0602999999935,3128.239299999984,2332.393199999984,4405.482099999998,8266.965299999989,2168.529599999962,1626.4070999999979,1448.934399999999,5105.523900000013,2943.442499999989,1284.5035999999943,1049.2593999999992,3483.2043999999983,981.7293999999954,906.1972000000028,24064.01539999999,2278.3594000000007,2802.9071000000085,901.4774999999951,4393.55360000001,1115.7873999999965,2911.8315000000343,5697.61560000002,3366.500100000036,1721.3217000000045,1154.7358999999922,3486.0609000000222,0.0,1052.889299999995,3663.1661,1241.316399999993,1252.2602000000004,1283.0285999999994,3400.69720000002,906.6902999999947,3440.061900000036,1329.847199999999,1869.056199999995,1009.2070999999983,2339.243799999969,6434.08379999996,2560.681999999998,1484.671499999995,2683.2196999999974,37520.096000000005,6662.308499999979,1274.61799999999,1244.493299999998
4434.979399999999,4675.835699999983,1628.9058999999893,3884.6826999999826,2358.8721999999934,2223.3201999999997,2100.6164999999924,7154.702100000009,13755.5634,2497.2422000000024,1017.8720000000018,1769.151699999998,5409.073700000006,5371.937999999979,1153.165200000001,1363.562699999997,3649.141299999996,1642.3923999999904,870.2155999999995,10937.45220000017,3351.149100000019,2118.160300000009,428.1759000000006,3814.131500000036,1748.3636999999947,2719.562199999984,12013.093900000044,2352.9352999999896,2540.3744999999817,1666.7196999999906,3069.7473999999693,1052.889299999995,0.0,3470.516599999993,2400.5938999999926,2742.104999999999,1530.2797000000007,2097.716199999983,1822.9629000000004,3067.9015999999765,1848.0185999999953,1687.6259999999993,578.8660999999968,2338.6197999999986,4582.010600000037,2034.584099999992,1309.3927999999976,4044.6516000000524,43014.749400000204,6543.856700000039,1387.684799999994,1755.5467999999933
4380.385800000025,14842.77060000008,1758.7895999999955,8245.787199999953,3510.5919000000054,4598.074800000033,1283.711899999995,12233.877900000014,43262.00060000013,1736.854599999994,1920.8879999999965,2461.8806000000263,5748.126000000013,16779.41370000004,2948.870700000009,2195.4404000000195,4678.198100000019,2282.6943000000333,2068.779999999996,7213.5480999998945,9480.751400000045,1568.7094999999877,3459.032200000013,2488.4570999999955,3080.3252000000352,1008.5096999999988,20662.4051,1492.0798999999995,10136.205000000002,2509.4435999999923,1775.5905999999916,3663.1661,3470.516599999993,0.0,9053.19400000002,3960.1318000000697,1745.9765999999931,3016.1947000000346,4403.0331000000415,1574.7529999999992,6125.896000000011,1777.1204999999954,3019.5861000000054,2039.6308999999853,1925.3943999999963,1000.4828000000027,2609.2306000000112,8667.50869999999,72521.1866000007,4053.6180000000295,967.5914000000098,1145.7360000000017
11109.210200000001,771.1977999999986,5104.2255,2228.961599999997,2396.5132999999983,2499.2885000000033,6448.331200000023,4829.015499999999,2919.5598999999925,5069.777299999985,3650.8613000000078,2373.5166999999947,6429.196600000004,1140.8451999999968,1570.5702999999983,2466.8647999999953,5846.404899999992,2737.9530999999965,2078.615500000012,90210.49259999869,1053.5252999999952,6082.486099999955,1261.9106999999915,15041.784099999904,2019.775199999992,7654.49999999999,3006.6112999999973,5681.011899999951,759.921999999998,2243.9678999999787,8532.347999999936,1241.316399999993,2400.5938999999926,9053.19400000002,0.0,2434.8057000000035,3383.8763999999956,7235.143599999961,1624.9590999999975,8590.005299999973,963.1299999999987,4093.9380000000115,1760.1159999999943,7574.06609999999,12569.836600000035,5096.513400000021,2255.5094999999924,4561.020700000029,28201.404699999945,20815.549300000006,3470.1237000000183,3802.833399999999
4009.9179000000327,4338.8565,1929.2100999999943,5541.124800000041,3731.9917999999934,2563.9149000000057,3126.764099999993,2977.8114999999993,11634.248900000006,3003.0288000000205,1697.7810999999977,2467.750100000001,4282.219899999998,6459.829200000002,1903.0119999999877,1770.2958999999971,4000.5410000000547,1497.6323999999945,2901.205000000053,7891.225400000099,4343.258599999994,4148.8237000000345,2369.979099999994,5143.339799999995,1460.0577999999966,3353.047600000012,4990.87630000002,4985.729200000067,4019.1219000000006,2037.2253999999955,3678.6687000000043,1252.2602000000004,2742.104999999999,3960.1318000000697,2434.8057000000035,0.0,2405.2110999999836,4577.1208000000315,1832.7317999999887,4446.000600000027,2137.4098,3626.85520000004,3282.8551000000257,3612.0538000000543,5380.8194000000385,4370.873000000061,2282.2795999999994,2968.8714999999847,21376.936600000125,8762.657200000027,2178.820599999996,1870.2391999999907
3876.6643000000263,6472.255699999977,1247.5243999999989,3874.436400000004,2082.899499999988,3214.6568999999827,1416.5648999999946,6668.424600000043,26347.581700000006,1346.6134000000054,971.9069000000069,1846.9756999999931,5341.5495000000055,7930.343000000013,1384.6946999999966,1082.6805000000027,3201.0194000000006,868.9605000000037,995.6584999999959,6661.092800000045,3874.043100000033,2058.6939000000025,1355.9932999999965,2738.9200000000305,1519.8721999999925,1487.4203999999836,9255.458499999973,2124.486899999999,4261.38950000001,1194.926699999996,2139.321799999991,1283.0285999999994,1530.2797000000007,1745.9765999999931,3383.8763999999956,2405.2110999999836,0.0,2182.609200000004,1992.1684999999804,2306.699599999984,2130.315399999991,1787.5434999999902,1035.694999999996,1352.2084999999931,3448.331400000022,1414.1655999999891,1680.6034999999924,3063.5105000000276,55606.76770000053,3451.4359000000222,575.4449999999961,978.7912999999987
5182.342200000055,15022.980799999876,2743.824200000002,8031.091700000003,4001.7112000000207,3791.4111000000185,2470.379800000005,12394.879800000137,33282.67980000002,2258.3842999999792,1897.6255999999994,2651.9916000000158,5536.415100000023,15712.77070000016,1560.0158000000074,3619.7695000000513,5739.434900000081,3728.904300000068,1919.1917999999787,12624.308900000238,10467.439900000072,2105.36970000001,2232.622799999999,3835.503700000026,2301.1204999999723,2687.3318000000104,23539.624199999696,3191.045300000032,9224.972000000085,1438.7473999999902,3561.071699999984,3400.69720000002,2097.716199999983,3016.1947000000346,7235.143599999961,4577.1208000000315,2182.609200000004,0.0,3419.9515000000597,3307.5798000000527,4947.807299999994,3347.5763000000356,1914.9345999999755,2398.7292000000125,4354.850900000023,1994.0841999999898,1961.480899999989,10269.269800000122,62565.00820000057,7059.899600000009,2214.895700000005,2053.91059999998
5192.691900000015,3433.778500000009,2398.4870999999803,4109.847299999985,2998.481599999997,3112.498599999995,3315.3418000000693,5009.4918000000325,9640.8532,3434.2163000000546,2333.5779999999922,1563.479099999992,4677.300900000007,4166.232900000008,1610.7247999999931,2057.7664999999947,3715.793899999986,1775.4742999999837,2002.804999999992,6799.7492000000375,3813.8441000000153,4054.454800000035,1859.6567999999863,5220.073600000032,1574.180699999992,3899.3211000000406,4891.286399999994,4974.868200000085,2337.609999999992,1926.6699999999773,4451.048300000019,906.6902999999947,1822.9629000000004,4403.0331000000415,1624.9590999999975,1832.7317999999887,1992.1684999999804,3419.9515000000597,0.0,4342.864400000068,2157.222299999994,2494.6568999999945,2050.9430999999827,3472.8806000000372,6220.190800000021,3770.4752000000367,1745.826399999992,2440.8906999999995,36811.71340000011,7074.944800000134,2351.125299999994,1896.6660999999835
5105.712600000063,15220.272499999846,2052.5179999999896,6780.8968999999925,2123.876199999988,6477.210500000007,1893.4420999999916,12383.900900000035,53098.459500000245,1752.539300000004,2120.275899999994,3905.9299999999967,8294.522600000015,18821.662099999907,3314.4031000000105,2550.208699999981,6370.868199999979,2524.3401000000194,2532.9620999999847,4652.895500000151,9131.489599999904,1480.6106999999993,3136.457099999991,1946.7743999999689,4402.170900000036,1732.0992999999964,21164.752000000073,1315.6749999999995,10418.438399999919,3176.6888000000176,1737.454299999997,3440.061900000036,3067.9015999999765,1574.7529999999992,8590.005299999973,4446.000600000027,2306.699599999984,3307.5798000000527,4342.864400000068,0.0,5198.6179000000075,2494.1422000000216,2564.426199999996,1192.5222999999937,3119.537000000016,1105.8030999999976,3938.5740000000087,8807.712899999993,98874.87170000015,2078.8792999999614,1571.8081999999954,2034.442299999989
5272.430999999931,1705.5551999999982,2698.0042000000017,518.8526,2644.5987000000023,978.4836000000004,4176.164000000028,4101.134000000017,3271.491999999995,1840.1493999999834,2644.1653000000106,2497.423099999997,4702.851800000015,1759.7769000000005,752.8092999999985,2258.6268999999884,2076.922899999995,2083.1242999999927,1104.7312000000072,35658.166100001195,1471.7083,4163.358100000006,864.1086999999984,5475.656399999961,1353.7782999999993,5181.950800000021,8509.954400000037,4196.881700000011,1166.032199999997,1564.4595999999995,5343.96740000001,1329.847199999999,1848.0185999999953,6125.896000000011,963.1299999999987,2137.4098,2130.315399999991,4947.807299999994,2157.222299999994,5198.6179000000075,0.0,3027.8456000000065,1346.3443000000034,2557.7242999999794,8801.565599999945,3598.4092000000087,1964.2475999999951,4708.547199999996,5104.850500000017,8284.263099999935,2359.9498999999946,2387.7336
