experiment1rider1,experiment1rider2,experiment2rider1,experiment2rider2,experiment3rider1,experiment3rider2,experiment4rider1,experiment4rider2,experiment5rider1,experiment5rider2,experiment6rider1,experiment6rider2,experiment7rider1,experiment7rider2,experiment8rider1,experiment8rider2,experiment9rider1,experiment9rider2,experiment10rider1,experiment10rider2,experiment11rider1,experiment11rider2,experiment12rider1,experiment12rider2,experiment13rider1,experiment13rider2,experiment14rider1,experiment14rider2,experiment15rider1,experiment15rider2,experiment16rider1,experiment16rider2,experiment17rider1,experiment17rider2,experiment18rider1,experiment18rider2,experiment19rider1,experiment19rider2,experiment20rider1,experiment20rider2,experiment21rider1,experiment21rider2,experiment22rider1,experiment22rider2,experiment23rider1,experiment23rider2,experiment24rider1,experiment24rider2,experiment25rider1,experiment25rider2,experiment26rider1,experiment26rider2
0.0,187143.49990000037,281513.0845000003,270518.5917000006,263261.8500000002,184731.94269999987,218013.2573000008,509662.02049999934,2641824.471000002,238078.31869999942,286494.22399999964,267304.3322999997,225409.46200000003,286632.0496000001,231665.88740000015,204261.7031000003,219869.2079000002,268898.58219999983,199980.96099999914,934656.473999996,612452.7337999986,285500.20680000057,523628.4951999989,345808.6130000013,506294.4839000002,684634.6393000012,318990.15859999973,436864.0607999998,1854057.312299997,172807.49519999966,381929.646,292693.1008999996,550329.5987999995,291580.9827999999,474912.94349999883,536855.899900001,451151.7586000014,2518927.0531999953,548893.9624999996,482230.35420000076,326440.73580000055,534189.140999999,351844.5894999999,249176.72770000048,2086942.7000999996,495460.7173999989,385512.6289,1117213.9642000007,901995.4474999994,867335.1601000016,165523.84810000058,197561.34810000026
187143.49990000037,0.0,223887.32160000023,214903.2448999998,68600.26220000007,135569.82570000007,335882.91629999963,330307.0193999998,3059621.200399989,365372.49379999907,290525.6458000003,204967.4438999998,265431.4384,243881.03610000008,268654.13589999935,265226.69170000067,150737.80219999954,360540.03799999907,140293.84329999945,973448.3215000009,334067.33769999974,430403.08730000013,341412.47359999985,590103.7149000006,346793.9766000001,673691.8046999994,262423.08389999997,576967.6596000001,1222875.1882999968,208673.59199999992,405943.82880000025,302978.5466000006,492665.3612999999,262165.7032999996,327106.68629999954,594088.9247999993,374863.31139999925,2012873.3637999997,309669.4945000004,487590.17559999955,220669.45499999984,527220.4642999994,310077.22029999894,262811.3680000001,2496983.571500001,506619.93279999815,530953.6601,1660925.7485000012,738766.1084000011,1023689.2693999993,236955.1701000001,135727.03240000008
281513.0845000003,223887.32160000023,0.0,344399.4434999995,237399.81039999964,348282.30529999937,129062.20020000004,614737.0061999982,2929276.0400999943,233613.9833999999,157239.34559999983,201089.7220000003,128542.16590000044,196769.06019999983,197100.32210000049,116014.61349999986,71525.0575000001,260806.11609999996,155456.56099999975,666077.0980000038,793109.6773000003,356567.0044999999,549016.7323000003,285994.9117999991,414128.6466000006,688178.2686999979,488831.4625999988,331286.9590999996,1534771.9012999984,112107.08930000002,253024.67179999902,355180.5915000007,783661.428900001,208577.3441999997,390012.68480000016,704255.9281999996,252154.77570000023,2309866.231599996,716813.9775000002,203509.90790000008,224333.71269999968,549034.8424999999,616475.4450999978,158339.96690000012,1499958.0993000057,392143.98310000036,373892.9703999999,771788.6935000003,756915.088999999,745142.9761999982,162036.5643000005,395467.4839999996
270518.5917000006,214903.2448999998,344399.4434999995,0.0,214349.08120000016,148818.16069999995,282705.20620000066,495195.8718999991,2967592.317600004,323797.5163999994,408610.9622000011,140829.0763000003,200591.3436999999,173719.01089999982,195945.5498999998,250723.96340000004,213324.8440999995,296002.8945999999,200202.22099999935,1047286.6204999959,347546.5277999995,303195.45379999984,590884.0439000004,404031.8066999993,515663.3165000006,549507.0056000013,314222.2652000001,313498.9864000013,1801691.4078999984,209232.16159999993,417087.4332999995,263360.3587000001,775959.5927999998,346874.3329999979,183895.92469999992,260728.6686,344905.1796000005,2356770.008299995,429298.1382000002,480475.7546000001,254834.66340000002,626055.024600001,316440.9588000002,280057.45969999954,1807340.6623000011,468636.5616000008,263439.9938000008,1187288.1954999988,421507.5376999998,895866.9384000028,178764.53170000014,177064.77419999967
263261.8500000002,68600.26220000007,237399.81039999964,214349.08120000016,0.0,207107.5964,344998.02049999824,604159.0505000014,3542509.5745999916,442832.7424999992,348689.8042999994,215462.8259000007,269085.3343999997,269494.6352000004,251502.03200000006,272719.09920000035,153814.93490000023,346882.33959999884,193944.7101000006,894127.8930000014,466612.5677000017,401580.0896999993,528024.096799999,674457.0755000033,293118.83710000006,794808.2194999995,302326.8142999997,658944.4718000017,1722735.0649000017,206430.71170000016,384376.4122999995,407167.46139999956,551559.1849999998,286559.0917999983,288948.8588000005,608895.7054999995,378247.9350000018,2585340.156500007,461863.40109999996,507984.4136999962,153336.86850000004,737617.4357000005,333994.6698999999,273027.25790000067,2879199.541899995,652803.9786999997,553538.235200002,1662697.1332999968,926423.4935999985,1132444.4260999975,241501.48820000008,123533.06339999959
184731.94269999987,135569.82570000007,348282.30529999937,148818.16069999995,207107.5964,0.0,262371.77930000005,440719.8996999994,2778584.4664999987,230958.01789999995,271183.1526999996,124254.91799999996,245497.83370000005,227484.02820000012,357502.70050000097,277784.5624999994,185160.65149999983,375525.3502999987,150204.08960000038,869523.869900001,416248.7765999995,171942.35799999986,368598.6674999998,316769.46709999815,567022.7644999998,461905.50799999986,321306.45910000027,300927.5445999999,1352928.324800001,237892.82200000025,431573.3582000004,220381.4637999992,659963.4754999983,273795.49659999966,551519.2566000007,283963.23229999945,436431.5207000012,1846157.8147999994,459880.64870000054,342022.05500000145,334267.4228000006,782845.1194000008,520007.8935999997,215694.4851999991,1576142.359399996,416952.6885000009,330720.90550000046,1313109.4422999993,565527.7052000003,799158.8566000026,157675.4874999995,189772.67549999992
218013.2573000008,335882.91629999963,129062.20020000004,282705.20620000066,344998.02049999824,262371.77930000005,0.0,702137.8206999997,2522109.329499995,55350.48280000003,95028.68649999997,190219.1900000006,215475.81190000064,133254.46570000023,256513.74589999908,175934.3983000002,111772.65699999973,210182.07059999995,122146.79769999954,128705.77659999923,738271.8641999989,205091.35770000017,407933.8889999991,58467.13019999981,540105.0082000003,216222.3352999998,477093.7023999997,166566.44959999927,1853033.592100003,57413.745200000056,246266.2853999994,229908.63199999995,779977.7909,123502.32269999987,542312.8554000002,422843.6615000015,244678.7398999996,2373973.9977000034,589889.3924,79828.2328999998,281442.5097999995,458775.6740000001,601462.5303999989,42815.626000000004,1284015.6905999973,248859.96839999972,207386.17519999956,481464.7056999996,1061648.7647000006,331346.7710999997,63054.35669999999,284802.3506999997
509662.02049999934,330307.0193999998,614737.0061999982,495195.8718999991,604159.0505000014,440719.8996999994,702137.8206999997,0.0,2855743.9401999963,865417.9795999986,653800.6980000001,560611.9915999991,573437.8881000006,447323.8904000001,457645.5960000006,365054.1244000004,546508.3327999997,595704.2816999999,493095.47409999924,4029191.2034000275,682034.4468000003,887591.6039999994,809879.7121999979,1235656.4853000008,765679.0628000002,1662648.8346000018,511469.6683999996,1094871.4951000025,1159734.3042000001,528334.8160000005,1025734.7100999985,732096.7808999987,687793.0608000006,566863.317299997,472990.7404000008,765858.3314999989,879410.4481,2197666.7890000036,594762.059300001,1301478.1091000007,602402.9030999993,844770.6857999994,355128.0327000004,975424.7057,2660048.2305,1005103.4704000021,677852.2483999998,1060700.1440999997,568243.2721999997,2202436.498599993,767415.1409,500341.3343999998
2641824.471000002,3059621.200399989,2929276.0400999943,2967592.317600004,3542509.5745999916,2778584.4664999987,2522109.329499995,2855743.9401999963,0.0,2406064.953800004,1893617.0407999996,2607553.3720999947,2586955.2369,1951891.2509999985,2005780.4525000006,2218738.728300003,3012343.127100002,2380605.006400003,2603925.799400005,6793516.377599936,2667203.4129,3020358.8112999974,3031662.101899995,3134491.585200001,2795879.9245999996,3478106.1141999904,2447032.065300002,2882394.472399996,2513849.093500004,2152023.173199999,2981670.582699991,1991664.8412999986,2694009.7068999913,1978737.8615999953,2689906.5380999995,2248008.960600003,2655959.704300005,1882898.376499997,2759170.3394000074,3255031.2191999983,2577710.6813000035,1373584.875999999,2311947.0369000025,2641717.8291000016,4596986.817799992,2730199.0930999974,1744857.3779000023,2098347.5652,3650213.3883999973,3642650.328399998,2349501.7585000033,3131338.641899999
238078.31869999942,365372.49379999907,233613.9833999999,323797.5163999994,442832.7424999992,230958.01789999995,55350.48280000003,865417.9795999986,2406064.953800004,0.0,134944.8577,177602.12029999867,209263.96819999997,112930.27379999986,343811.1717000007,205057.1367999998,201262.78310000015,248055.96739999967,128608.5665000003,156453.70270000005,739343.8593,184173.17549999975,308289.31880000065,55109.84349999984,557821.2994000001,196826.71359999938,426376.36229999905,99006.16749999997,1612562.349999998,96348.8447999998,302110.9284999993,161293.5900000003,759852.1826000002,155734.83419999966,740792.7038000013,427467.10829999915,315847.9035999998,1995418.5730000013,583103.4094000019,84338.44220000033,379174.4427999993,492223.03310000023,661152.2721000019,66069.95400000011,1152101.6502000033,158247.55539999923,193095.03300000043,564513.1786999999,1183154.9269000005,304213.9559999999,57402.605300000054,334913.9196999999
286494.22399999964,290525.6458000003,157239.34559999983,408610.9622000011,348689.8042999994,271183.1526999996,95028.68649999997,653800.6980000001,1893617.0407999996,134944.8577,0.0,204384.89739999964,187991.32780000038,245824.59780000028,310954.4419999994,180217.78209999998,189123.6935000001,395127.85980000015,158553.47500000012,295911.5464999967,678562.9747,272267.33070000017,373572.1397000003,158260.84609999973,528969.3918000002,304200.9241999995,576816.5101000017,334139.26539999986,1340294.117199998,107646.6543999999,364818.9332999992,231590.0374000002,844012.4750000009,190849.70470000015,664305.041899999,666915.1181000008,366810.7162999997,1941438.2031999999,689801.0026999983,233315.5283999999,342211.1601000002,382249.1652000001,668169.6002000006,82553.34470000013,1224394.9034000009,277135.5035000016,377545.91849999997,723612.7209000014,973312.8428999985,435084.3081999985,120426.57870000004,364219.56269999995
267304.3322999997,204967.4438999998,201089.7220000003,140829.0763000003,215462.8259000007,124254.91799999996,190219.1900000006,560611.9915999991,2607553.3720999947,177602.12029999867,204384.89739999964,0.0,157724.18510000015,180913.02500000002,238731.2224999999,160712.9920000001,147015.89210000003,340749.4047999998,207336.05119999993,459933.6810999988,558344.7182000008,123597.10969999988,254033.5092999994,250383.65630000044,539394.6079000003,317886.66370000044,370675.92449999996,166838.7511000001,1247580.5101999962,156035.15820000024,375781.50250000024,189912.4200000001,619072.6970000013,219147.37450000006,438180.2397999995,291361.26980000065,302167.5399000005,1988741.1794000021,481059.47889999853,230743.80639999974,301043.7281000001,500506.6192999997,488146.6460000015,160308.4697,790960.0316999974,325717.6066999996,268091.2643999995,1096844.506300001,649797.9365999982,573667.4197999956,129488.22979999964,238587.42819999994
225409.46200000003,265431.4384,128542.16590000044,200591.3436999999,269085.3343999997,245497.83370000005,215475.81190000064,573437.8881000006,2586955.2369,209263.96819999997,187991.32780000038,157724.18510000015,0.0,225422.6231999996,217775.70389999961,145423.8767,154255.8326,375755.1082000004,181339.97750000004,446184.9393000021,683048.1985999994,152938.59829999987,383649.3244000006,273384.61249999976,562561.2936999993,445622.0692000002,412398.36960000056,200109.8304000001,1433209.2062000008,140010.23060000004,284249.98860000033,228656.64269999973,562807.5901999993,252566.47239999982,418830.39869999944,450584.7860999993,272372.3129000004,1959888.1114000005,596686.763899999,288594.5689000004,345548.0064999995,432262.1196999998,487235.57809999946,163251.95240000065,1038123.6701999957,338578.5184999997,321313.1434000001,1136543.9805000012,698185.4047999994,574222.1114999978,107697.84690000002,346288.92190000095
286632.0496000001,243881.03610000008,196769.06019999983,173719.01089999982,269494.6352000004,227484.02820000012,133254.46570000023,447323.8904000001,1951891.2509999985,112930.27379999986,245824.59780000028,180913.02500000002,225422.6231999996,0.0,312591.93129999976,229599.19579999978,178998.75749999986,178845.4761999998,142614.87420000034,556791.491099997,405513.66810000036,283415.2754000002,264049.10929999984,148283.64569999996,328708.8256000003,219056.15530000036,320997.92809999955,197876.84390000007,1215942.0463000012,124074.06410000028,297953.57819999923,180503.6704999996,521935.22660000087,197346.72930000004,419619.59590000036,249559.80540000027,192378.9724999992,1759895.0631000034,325366.0184999999,135348.1639000001,228552.26810000042,369791.47349999956,361546.7356999998,146099.52789999964,1542132.1604999984,137224.98959999954,176067.18809999994,400420.19700000016,766225.2313000002,379963.5303999986,146871.11849999966,156548.00230000008
231665.88740000015,268654.13589999935,197100.32210000049,195945.5498999998,251502.03200000006,357502.70050000097,256513.74589999908,457645.5960000006,2005780.4525000006,343811.1717000007,310954.4419999994,238731.2224999999,217775.70389999961,312591.93129999976,0.0,133954.37630000056,193214.19399999996,239876.4366000002,283612.71749999974,926615.5442999954,619617.224500002,434852.5871000002,907075.4156999999,418573.03189999907,560491.3455999998,1042688.5930000001,351271.28480000026,377794.19750000036,1564963.0401000006,237014.0152000007,421056.20560000034,363457.8225000002,530882.1980999995,257862.31149999946,187379.80320000008,334502.2852999999,413863.8549999995,1893092.9434000019,624076.7314999987,280013.3827000012,227638.78819999975,430860.1289999996,251359.0665999997,243216.16059999997,1374878.0050999974,632609.8097999973,231363.49570000064,1159929.0360999983,401401.1551999989,1029144.2522999976,144354.59109999967,409816.7227999999
204261.7031000003,265226.69170000067,116014.61349999986,250723.96340000004,272719.09920000035,277784.5624999994,175934.3983000002,365054.1244000004,2218738.728300003,205057.1367999998,180217.78209999998,160712.9920000001,145423.8767,229599.19579999978,133954.37630000056,0.0,128771.41970000011,216041.23580000014,236265.33419999934,622674.0339999901,647749.9975000003,264499.90940000047,679305.9883000032,296833.4994999999,638464.0011999998,831691.7140000014,359710.8446000008,251265.51249999946,1128488.6782000016,149708.85609999977,356494.74420000013,251726.9130999999,514599.12669999845,161029.16960000023,351540.1307000007,405879.92159999977,395789.62439999834,1518652.6311000069,639057.0389999998,237707.03990000038,283400.0658999999,427863.5277999998,325203.49210000073,185777.18219999966,670121.781800001,499538.28870000027,268247.5604,924578.7101999994,573192.2220000012,769589.660999995,104483.45209999991,428510.81900000025
219869.2079000002,150737.80219999954,71525.0575000001,213324.8440999995,153814.93490000023,185160.65149999983,111772.65699999973,546508.3327999997,3012343.127100002,201262.78310000015,189123.6935000001,147015.89210000003,154255.8326,178998.75749999986,193214.19399999996,128771.41970000011,0.0,224199.6783000002,122319.07359999977,556816.2935000057,577384.7639999993,215532.85079999996,446281.38209999906,288101.6835999991,422887.8226999998,548796.4909999996,332497.8470999995,340372.16380000056,1741140.4821999997,115689.4301999999,262486.46119999967,281231.48800000007,693988.5056000003,206612.1589,375633.8280999999,547668.176700001,257037.90830000033,2587099.1128999996,637765.4464000006,210415.0449999999,214063.15030000018,556564.3811000007,498028.1882000005,156730.9767000006,1589695.9699000001,449669.9879999974,325934.93879999936,764204.5504999991,673533.2384999996,768229.0559999957,130910.64739999952,237139.28600000008
268898.58219999983,360540.03799999907,260806.11609999996,296002.8945999999,346882.33959999884,375525.3502999987,210182.07059999995,595704.2816999999,2380605.006400003,248055.96739999967,395127.85980000015,340749.4047999998,375755.1082000004,178845.4761999998,239876.4366000002,216041.23580000014,224199.6783000002,0.0,242675.4816999993,1016211.411100011,569030.7906000016,536632.7133999986,980762.883399999,339589.71599999984,518612.54070000054,929246.5185999993,246974.98369999998,406294.0434000006,1844721.9454999988,199504.5255000005,389939.6238999995,385236.77270000015,546447.2364,251542.8846999996,306165.88460000046,358650.58430000034,312197.1971,2212096.6623,595940.1658000004,248720.9185000003,226607.11249999978,665312.2469000005,244289.2012000001,210134.4072,2162397.3784999913,515305.1917999988,272240.6072999997,595319.2003999997,832703.6951000001,911013.7034000002,206213.69779999994,322796.8496999994
199980.96099999914,140293.84329999945,155456.56099999975,200202.22099999935,193944.7101000006,150204.08960000038,122146.79769999954,493095.47409999924,2603925.799400005,128608.5665000003,158553.47500000012,207336.05119999993,181339.97750000004,142614.87420000034,283612.71749999974,236265.33419999934,122319.07359999977,242675.4816999993,0.0,344797.40309999813,471261.57589999976,321678.6700999998,244828.99279999998,143880.40819999907,390473.8455999992,265231.80640000006,372578.5882999987,253923.60220000005,1578332.3582999941,116346.36540000014,294337.80640000093,227979.87860000052,685298.8690000013,234055.02569999974,393821.0741999999,457782.50909999997,277148.0235000001,1950556.8372000034,464535.30090000015,170531.20979999937,251168.1996999994,549487.1750000002,458186.4037000008,113371.67830000007,2068135.6134999953,162941.4262000002,281877.2294000004,763894.6184999992,799734.0923000007,493390.1193000011,119497.33639999999,164531.25279999973
934656.473999996,973448.3215000009,666077.0980000038,1047286.6204999959,894127.8930000014,869523.869900001,128705.77659999923,4029191.2034000275,6793516.377599936,156453.70270000005,295911.5464999967,459933.6810999988,446184.9393000021,556791.491099997,926615.5442999954,622674.0339999901,556816.2935000057,1016211.411100011,344797.40309999813,0.0,2225693.747699982,429922.90999999596,950277.2506000014,98996.63869999962,1272049.7424000087,337095.20349999843,1692653.6142999923,276335.87840000086,3569658.948200017,180763.56810000024,211850.36110000103,379693.2086999984,1919106.8916000014,437857.024199998,1876686.469500012,1885582.891500003,584790.700599999,4598346.132800022,2090680.3027000048,103116.97560000046,727365.5637999943,1228795.134199999,2777894.805000011,112648.05870000034,1612810.3219000078,418533.6939999987,618165.6106999966,1000369.9143999964,3681466.5446999944,261154.62489999898,181236.5465999974,1124331.1787999931
612452.7337999986,334067.33769999974,793109.6773000003,347546.5277999995,466612.5677000017,416248.7765999995,738271.8641999989,682034.4468000003,2667203.4129,739343.8593,678562.9747,558344.7182000008,683048.1985999994,405513.66810000036,619617.224500002,647749.9975000003,577384.7639999993,569030.7906000016,471261.57589999976,2225693.747699982,0.0,968045.0882999994,782480.0887000012,999825.6749000006,455016.9585,935129.9741999999,421644.2546999999,987171.8761000001,1058225.878800002,651863.3441000012,889344.1923,599850.5643000004,520838.95349999936,697259.281999998,666124.3070999994,707981.4095000012,677284.088700001,1506654.8873000022,562673.4669000016,864020.5794999967,422690.43769999954,801238.2159999998,676394.4639999983,698137.4158999987,2218213.537900006,641304.7229000013,604955.4494999995,1451522.8732999999,1088003.3640000008,1364740.3102999928,664820.0954000013,305109.8800999999
285500.20680000057,430403.08730000013,356567.0044999999,303195.45379999984,401580.0896999993,171942.35799999986,205091.35770000017,887591.6039999994,3020358.8112999974,184173.17549999975,272267.33070000017,123597.10969999988,152938.59829999987,283415.2754000002,434852.5871000002,264499.90940000047,215532.85079999996,536632.7133999986,321678.6700999998,429922.90999999596,968045.0882999994,0.0,349291.8463000001,292682.80870000063,878705.3459,337375.8929999997,643941.1428000003,146445.8961,1929937.1315000001,153636.84250000014,307313.9529000006,204057.75159999964,746636.2405000008,249927.0516999996,823093.8323000008,320369.0357,468087.44050000043,2582527.8177000033,515075.82279999915,320002.54479999846,578859.6872,712440.5393999986,820525.0888999989,239142.72760000016,892334.1942000006,492661.6009999992,272257.8982999996,1001231.8431000009,1073822.8937000006,500849.8869999989,131394.8227999999,507553.83490000054
523628.4951999989,341412.47359999985,549016.7323000003,590884.0439000004,528024.096799999,368598.6674999998,407933.8889999991,809879.7121999979,3031662.101899995,308289.31880000065,373572.1397000003,254033.5092999994,383649.3244000006,264049.10929999984,907075.4156999999,679305.9883000032,446281.38209999906,980762.883399999,244828.99279999998,950277.2506000014,782480.0887000012,349291.8463000001,0.0,441170.15480000025,628241.3962999992,344196.3137000002,765167.8040999998,397788.90500000044,992836.0912000003,325859.1352,665915.7022000012,322481.89160000003,1061396.4334000002,537858.9000000013,1411217.7727000015,681095.5238999992,780778.0822999978,1920646.797500003,462300.93619999924,594947.1304999986,936784.5038000004,823297.4486999995,1397481.2084999953,397416.65850000083,1486448.1129999983,224279.55109999972,556173.8908999987,1384316.0917000023,1433843.0633999994,668018.5126999983,426181.5679999997,476579.2144000002
345808.6130000013,590103.7149000006,285994.9117999991,404031.8066999993,674457.0755000033,316769.46709999815,58467.13019999981,1235656.4853000008,3134491.585200001,55109.84349999984,158260.84609999973,250383.65630000044,273384.61249999976,148283.64569999996,418573.03189999907,296833.4994999999,288101.6835999991,339589.71599999984,143880.40819999907,98996.63869999962,999825.6749000006,292682.80870000063,441170.15480000025,0.0,829894.7564999997,148275.1633999998,659251.6876999999,165644.8140999992,2412659.3809000016,104774.19149999993,282730.93139999994,209273.69390000054,1029340.7473000013,267486.95649999974,959148.0986,493841.2995,313400.1561000006,2844797.6962999995,804266.874699998,74771.11180000019,484869.66709999903,646859.4074000005,987893.2023999979,61542.268699999884,1342707.806600008,182816.63309999902,201319.4836999993,406114.6206000004,1511288.6982999984,256206.49430000113,95536.23199999984,472433.10109999956
506294.4839000002,346793.9766000001,414128.6466000006,515663.3165000006,293118.83710000006,567022.7644999998,540105.0082000003,765679.0628000002,2795879.9245999996,557821.2994000001,528969.3918000002,539394.6079000003,562561.2936999993,328708.8256000003,560491.3455999998,638464.0011999998,422887.8226999998,518612.54070000054,390473.8455999992,1272049.7424000087,455016.9585,878705.3459,628241.3962999992,829894.7564999997,0.0,699869.4311000018,460313.3177000002,827276.9412999984,1274669.5957000006,441549.5087999988,563359.4229000013,600034.4066000002,565260.7804000006,522634.6389000001,570874.9724999995,837367.5794000004,358859.55269999953,1976102.6650999975,409469.8963000001,610167.7706000003,296514.6442000003,735122.635699999,672938.6095000001,532508.0741000002,2742805.2354999916,500909.3550999994,697239.7235999997,1250953.282100001,1337368.9412999982,969540.8377000001,528455.5901999997,332472.22840000066
684634.6393000012,673691.8046999994,688178.2686999979,549507.0056000013,794808.2194999995,461905.50799999986,216222.3352999998,1662648.8346000018,3478106.1141999904,196826.71359999938,304200.9241999995,317886.66370000044,445622.0692000002,219056.15530000036,1042688.5930000001,831691.7140000014,548796.4909999996,929246.5185999993,265231.80640000006,337095.20349999843,935129.9741999999,337375.8929999997,344196.3137000002,148275.1633999998,699869.4311000018,0.0,890469.1410999987,236564.07239999963,1985188.506100003,229400.26660000047,502440.7753,218801.57640000037,1475600.758,498412.1831000007,1692627.7542999997,628094.1750000007,504858.38610000105,2788312.4677000064,796607.5900999998,279499.466099999,922183.5382000001,898916.4255999984,1805506.0661999981,297097.1917999999,1132856.7102999946,185782.68869999953,371623.6648999995,422586.10640000086,1932788.9852999996,167307.01709999944,344475.6178999996,592442.1377999979
318990.15859999973,262423.08389999997,488831.4625999988,314222.2652000001,302326.8142999997,321306.45910000027,477093.7023999997,511469.6683999996,2447032.065300002,426376.36229999905,576816.5101000017,370675.92449999996,412398.36960000056,320997.92809999955,351271.28480000026,359710.8446000008,332497.8470999995,246974.98369999998,372578.5882999987,1692653.6142999923,421644.2546999999,643941.1428000003,765167.8040999998,659251.6876999999,460313.3177000002,890469.1410999987,0.0,625198.1271,2012473.4300999981,372236.30150000006,557880.2486000002,387600.78979999974,641156.0293999992,464477.98800000054,314842.3559999998,559791.4165000002,399753.2898999987,2489586.521299999,550319.0928999997,622260.6689000034,337363.0854,680223.7078000003,277829.47710000025,497047.10330000054,3153273.2637000014,617440.7124999986,511738.19179999956,1123238.684899999,681429.6574999993,1132811.3616999956,383985.8635000016,298025.4532000001
436864.0607999998,576967.6596000001,331286.9590999996,313498.9864000013,658944.4718000017,300927.5445999999,166566.44959999927,1094871.4951000025,2882394.472399996,99006.16749999997,334139.26539999986,166838.7511000001,200109.8304000001,197876.84390000007,377794.19750000036,251265.51249999946,340372.16380000056,406294.0434000006,253923.60220000005,276335.87840000086,987171.8761000001,146445.8961,397788.90500000044,165644.8140999992,827276.9412999984,236564.07239999963,625198.1271,0.0,1800352.3427999946,157531.64709999994,306549.42920000054,167521.2378999998,708240.9836000005,206290.7999,719092.9775999987,275730.2437999999,349861.0100999996,2147621.7463000016,504901.13099999906,134918.2742000003,552540.3997000004,753883.9605999998,824709.6377,192837.0004999999,800862.9631000003,301582.63409999886,181640.74620000014,628218.8923999998,1156362.5556000022,281676.6469999992,113019.70439999974,613691.5881000009
1854057.312299997,1222875.1882999968,1534771.9012999984,1801691.4078999984,1722735.0649000017,1352928.324800001,1853033.592100003,1159734.3042000001,2513849.093500004,1612562.349999998,1340294.117199998,1247580.5101999962,1433209.2062000008,1215942.0463000012,1564963.0401000006,1128488.6782000016,1741140.4821999997,1844721.9454999988,1578332.3582999941,3569658.948200017,1058225.878800002,1929937.1315000001,992836.0912000003,2412659.3809000016,1274669.5957000006,1985188.506100003,2012473.4300999981,1800352.3427999946,0.0,1578459.2493999999,1830910.5880999998,1407217.858700001,894634.5300000003,1189127.3598000035,2128730.230400001,1829703.0355000019,1787038.6269999947,725124.9236999999,787706.9580000013,1911658.1767999968,1607114.2626,1336326.9273000036,2383612.8198999967,1756646.495700001,3607026.8909999994,1375476.4181000006,1522310.3457999998,2784164.5379999992,2093052.3114999994,2139018.297600002,1658341.838400004,1492419.9992000032
172807.49519999966,208673.59199999992,112107.08930000002,209232.16159999993,206430.71170000016,237892.82200000025,57413.745200000056,528334.8160000005,2152023.173199999,96348.8447999998,107646.6543999999,156035.15820000024,140010.23060000004,124074.06410000028,237014.0152000007,149708.85609999977,115689.4301999999,199504.5255000005,116346.36540000014,180763.56810000024,651863.3441000012,153636.84250000014,325859.1352,104774.19149999993,441549.5087999988,229400.26660000047,372236.30150000006,157531.64709999994,1578459.2493999999,0.0,194878.50900000022,146148.21659999999,512160.10080000025,131380.88899999982,405560.10660000023,391100.9132,156650.90899999984,2216087.954700008,458346.36570000055,119405.41950000003,233491.89949999968,386523.4217999994,425399.70699999994,104098.17580000023,1338134.5198000004,262421.2680999998,226390.66009999986,422761.2353000001,853895.5360000005,272724.6480999997,74563.90360000003,249326.00680000006
381929.646,405943.82880000025,253024.67179999902,417087.4332999995,384376.4122999995,431573.3582000004,246266.2853999994,1025734.7100999985,2981670.582699991,302110.9284999993,364818.9332999992,375781.50250000024,284249.98860000033,297953.57819999923,421056.20560000034,356494.74420000013,262486.46119999967,389939.6238999995,294337.80640000093,211850.36110000103,889344.1923,307313.9529000006,665915.7022000012,282730.93139999994,563359.4229000013,502440.7753,557880.2486000002,306549.42920000054,1830910.5880999998,194878.50900000022,0.0,249919.04109999936,719781.7609,300032.6679000007,592122.5429000009,570238.8319999989,284128.5464000006,2491252.7973000077,685049.8088000017,201142.40069999977,328696.4247,732418.4235999993,834876.4655000031,293924.50029999786,1510173.8709999984,526820.8872999995,298034.3237999995,696317.8574000001,1250796.379999999,377713.09649999987,253441.57990000036,497865.61389999895
292693.1008999996,302978.5466000006,355180.5915000007,263360.3587000001,407167.46139999956,220381.4637999992,229908.63199999995,732096.7808999987,1991664.8412999986,161293.5900000003,231590.0374000002,189912.4200000001,228656.64269999973,180503.6704999996,363457.8225000002,251726.9130999999,281231.48800000007,385236.77270000015,227979.87860000052,379693.2086999984,599850.5643000004,204057.75159999964,322481.89160000003,209273.69390000054,600034.4066000002,218801.57640000037,387600.78979999974,167521.2378999998,1407217.858700001,146148.21659999999,249919.04109999936,0.0,552068.8522000003,211669.39589999954,575419.6677999991,381387.9433999998,262114.21270000006,1847963.5321999989,384103.1862999991,177462.64580000003,336021.35179999995,443301.3234000001,593575.3437000008,244333.52079999886,984998.5199,264573.1059999998,260356.84530000002,823984.4118999996,866625.2128,298148.9018999978,139509.03399999966,389062.3215000001
550329.5987999995,492665.3612999999,783661.428900001,775959.5927999998,551559.1849999998,659963.4754999983,779977.7909,687793.0608000006,2694009.7068999913,759852.1826000002,844012.4750000009,619072.6970000013,562807.5901999993,521935.22660000087,530882.1980999995,514599.12669999845,693988.5056000003,546447.2364,685298.8690000013,1919106.8916000014,520838.95349999936,746636.2405000008,1061396.4334000002,1029340.7473000013,565260.7804000006,1475600.758,641156.0293999992,708240.9836000005,894634.5300000003,512160.10080000025,719781.7609,552068.8522000003,0.0,491702.8692000003,715312.9315000019,697642.6443999991,564970.4707999986,1519936.3033999968,429244.4052999988,854938.5231000009,492894.41810000065,646846.3665999991,569687.0375999998,823720.3326999999,2318453.781899993,923255.6035999994,538680.3113000002,1470977.985199997,1140391.9558999992,1278875.3363000005,663554.2137000024,671020.513100001
291580.9827999999,262165.7032999996,208577.3441999997,346874.3329999979,286559.0917999983,273795.49659999966,123502.32269999987,566863.317299997,1978737.8615999953,155734.83419999966,190849.70470000015,219147.37450000006,252566.47239999982,197346.72930000004,257862.31149999946,161029.16960000023,206612.1589,251542.8846999996,234055.02569999974,437857.024199998,697259.281999998,249927.0516999996,537858.9000000013,267486.95649999974,522634.6389000001,498412.1831000007,464477.98800000054,206290.7999,1189127.3598000035,131380.88899999982,300032.6679000007,211669.39589999954,491702.8692000003,0.0,428340.1788999998,290471.92130000005,385749.6782000004,1707289.291099999,417079.15119999985,176609.78140000012,245240.72470000037,470569.0727999988,445782.6861000005,158447.02079999962,1190408.9057999982,465772.87070000026,252210.27219999922,719356.8744000002,838028.7527000046,588295.1658000004,109828.31439999973,349129.7672000004
474912.94349999883,327106.68629999954,390012.68480000016,183895.92469999992,288948.8588000005,551519.2566000007,542312.8554000002,472990.7404000008,2689906.5380999995,740792.7038000013,664305.041899999,438180.2397999995,418830.39869999944,419619.59590000036,187379.80320000008,351540.1307000007,375633.8280999999,306165.88460000046,393821.0741999999,1876686.469500012,666124.3070999994,823093.8323000008,1411217.7727000015,959148.0986,570874.9724999995,1692627.7542999997,314842.3559999998,719092.9775999987,2128730.230400001,405560.10660000023,592122.5429000009,575419.6677999991,715312.9315000019,428340.1788999998,0.0,481650.40220000007,525624.3368000004,2700649.5452000056,776737.9284000022,830315.3723000023,252588.32050000015,741203.1413999989,227219.93009999994,615019.555600001,2753883.279300005,1077825.2960999953,452232.76099999994,1418951.9515999968,490827.81380000024,1769793.387899998,430454.33369999926,534831.3447000011
536855.899900001,594088.9247999993,704255.9281999996,260728.6686,608895.7054999995,283963.23229999945,422843.6615000015,765858.3314999989,2248008.960600003,427467.10829999915,666915.1181000008,291361.26980000065,450584.7860999993,249559.80540000027,334502.2852999999,405879.92159999977,547668.176700001,358650.58430000034,457782.50909999997,1885582.891500003,707981.4095000012,320369.0357,681095.5238999992,493841.2995,837367.5794000004,628094.1750000007,559791.4165000002,275730.2437999999,1829703.0355000019,391100.9132,570238.8319999989,381387.9433999998,697642.6443999991,290471.92130000005,481650.40220000007,0.0,555329.6068000004,2148590.7806999935,411926.2711000006,522657.98029999976,527971.6789,879824.9337999992,592841.9680999997,472152.72109999944,1444954.1480000035,555931.8893999996,190535.9258999999,561543.7936000004,703276.0083000003,899323.1383999956,346786.4311000003,493989.57800000027
451151.7586000014,374863.31139999925,252154.77570000023,344905.1796000005,378247.9350000018,436431.5207000012,244678.7398999996,879410.4481,2655959.704300005,315847.9035999998,366810.7162999997,302167.5399000005,272372.3129000004,192378.9724999992,413863.8549999995,395789.62439999834,257037.90830000033,312197.1971,277148.0235000001,584790.700599999,677284.088700001,468087.44050000043,780778.0822999978,313400.1561000006,358859.55269999953,504858.38610000105,399753.2898999987,349861.0100999996,1787038.6269999947,156650.90899999984,284128.5464000006,262114.21270000006,564970.4707999986,385749.6782000004,525624.3368000004,555329.6068000004,0.0,2342172.7924000006,509970.30549999897,295170.9160000005,223572.03940000062,621411.3909000012,592542.2030000001,269160.5337000002,2431990.8402000037,418867.8132000013,354080.93169999926,630363.3717000013,1049807.870500001,502932.4818999993,294879.73360000044,345659.1944000007
2518927.0531999953,2012873.3637999997,2309866.231599996,2356770.008299995,2585340.156500007,1846157.8147999994,2373973.9977000034,2197666.7890000036,1882898.376499997,1995418.5730000013,1941438.2031999999,1988741.1794000021,1959888.1114000005,1759895.0631000034,1893092.9434000019,1518652.6311000069,2587099.1128999996,2212096.6623,1950556.8372000034,4598346.132800022,1506654.8873000022,2582527.8177000033,1920646.797500003,2844797.6962999995,1976102.6650999975,2788312.4677000064,2489586.521299999,2147621.7463000016,725124.9236999999,2216087.954700008,2491252.7973000077,1847963.5321999989,1519936.3033999968,1707289.291099999,2700649.5452000056,2148590.7806999935,2342172.7924000006,0.0,1765776.3015999976,2183033.873699993,2280058.233400003,1647298.1011999971,2720041.880800001,2156121.9771000003,3642734.5664000018,1828323.112999999,1791485.9335999966,2998825.6464999914,2850597.4771000007,2718881.6217999957,2002313.9067000106,2093686.819299999
548893.9624999996,309669.4945000004,716813.9775000002,429298.1382000002,461863.40109999996,459880.64870000054,589889.3924,594762.059300001,2759170.3394000074,583103.4094000019,689801.0026999983,481059.47889999853,596686.763899999,325366.0184999999,624076.7314999987,639057.0389999998,637765.4464000006,595940.1658000004,464535.30090000015,2090680.3027000048,562673.4669000016,515075.82279999915,462300.93619999924,804266.874699998,409469.8963000001,796607.5900999998,550319.0928999997,504901.13099999906,787706.9580000013,458346.36570000055,685049.8088000017,384103.1862999991,429244.4052999988,417079.15119999985,776737.9284000022,411926.2711000006,509970.30549999897,1765776.3015999976,0.0,706914.3355000006,493188.9972000002,844982.7515999989,745222.1687000004,663831.512800002,1877702.4956000065,573576.3858000018,455097.56860000105,1012201.4413000012,1144244.4080000005,984965.3096999999,602219.6885999986,459972.14869999996
482230.35420000076,487590.17559999955,203509.90790000008,480475.7546000001,507984.4136999962,342022.05500000145,79828.2328999998,1301478.1091000007,3255031.2191999983,84338.44220000033,233315.5283999999,230743.80639999974,288594.5689000004,135348.1639000001,280013.3827000012,237707.03990000038,210415.0449999999,248720.9185000003,170531.20979999937,103116.97560000046,864020.5794999967,320002.54479999846,594947.1304999986,74771.11180000019,610167.7706000003,279499.466099999,622260.6689000034,134918.2742000003,1911658.1767999968,119405.41950000003,201142.40069999977,177462.64580000003,854938.5231000009,176609.78140000012,830315.3723000023,522657.98029999976,295170.9160000005,2183033.873699993,706914.3355000006,0.0,285926.37449999957,749287.4600999984,962716.3519000027,72363.32509999975,1254556.7958000018,239796.86810000043,192433.0848999996,520426.3644000001,1285270.271099996,260141.55819999945,88974.92270000034,484019.52739999944
326440.73580000055,220669.45499999984,224333.71269999968,254834.66340000002,153336.86850000004,334267.4228000006,281442.5097999995,602402.9030999993,2577710.6813000035,379174.4427999993,342211.1601000002,301043.7281000001,345548.0064999995,228552.26810000042,227638.78819999975,283400.0658999999,214063.15030000018,226607.11249999978,251168.1996999994,727365.5637999943,422690.43769999954,578859.6872,936784.5038000004,484869.66709999903,296514.6442000003,922183.5382000001,337363.0854,552540.3997000004,1607114.2626,233491.89949999968,328696.4247,336021.35179999995,492894.41810000065,245240.72470000037,252588.32050000015,527971.6789,223572.03940000062,2280058.233400003,493188.9972000002,285926.37449999957,0.0,545704.7708,380699.1917,262251.2849999997,2507214.4656000016,663247.6029999995,388709.2790000006,1043825.5913000004,790993.2005999986,881961.5537000016,235814.3307000002,253950.88939999932
