experiment1rider1,experiment1rider2,experiment2rider1,experiment2rider2,experiment3rider1,experiment3rider2,experiment4rider1,experiment4rider2,experiment5rider1,experiment5rider2,experiment6rider1,experiment6rider2,experiment7rider1,experiment7rider2,experiment8rider1,experiment8rider2,experiment9rider1,experiment9rider2,experiment10rider1,experiment10rider2,experiment11rider1,experiment11rider2,experiment12rider1,experiment12rider2,experiment13rider1,experiment13rider2,experiment14rider1,experiment14rider2,experiment15rider1,experiment15rider2,experiment16rider1,experiment16rider2,experiment17rider1,experiment17rider2,experiment18rider1,experiment18rider2,experiment19rider1,experiment19rider2,experiment20rider1,experiment20rider2,experiment21rider1,experiment21rider2,experiment22rider1,experiment22rider2,experiment23rider1,experiment23rider2,experiment24rider1,experiment24rider2,experiment25rider1,experiment25rider2,experiment26rider1,experiment26rider2
0.0,30866.569999999832,24523.259999999857,24393.93999999981,26425.099999999828,26388.989999999932,31521.289999999884,22389.009999999857,20628.819999999912,33526.00999999981,28814.769999999757,20464.899999999892,23674.609999999862,26416.59999999986,28745.829999999776,19436.22999999994,27436.179999999702,21375.189999999962,20867.559999999878,218139.27999998906,29365.559999999845,27911.659999999734,32120.449999999888,35813.749999999774,26746.189999999944,42242.539999999404,23685.8899999999,23953.929999999884,30434.289999999986,24259.339999999887,30656.119999999835,21570.10999999989,31631.129999999906,29122.269999999757,29537.94999999986,28467.99999999987,30386.159999999785,22060.299999999927,24730.439999999933,33318.82999999969,30086.239999999798,35791.83999999965,19585.599999999893,27478.24999999982,48288.819999999636,24513.899999999878,24038.91999999994,28540.129999999855,38014.079999999856,70192.09999999804,20604.989999999943,27899.769999999804
30866.569999999832,0.0,20363.549999999934,20638.569999999945,16759.129999999957,17222.09999999996,16864.039999999986,20272.65999999993,20384.36999999986,50617.97999999972,18280.55999999994,32172.389999999847,19448.519999999982,18855.169999999955,19264.339999999967,27652.13999999987,47273.8699999995,25773.17999999991,20971.2299999999,244049.1699999926,43733.04999999936,46373.98999999945,34271.119999999835,58174.07999999921,23820.85999999988,65125.50999999922,21468.079999999933,35769.339999999735,22112.859999999982,20316.50999999997,39739.32999999972,23609.139999999872,22457.63999999993,44903.3199999994,15118.319999999972,33868.20999999983,37221.069999999854,32206.609999999735,19141.98999999996,54217.859999999535,18105.989999999947,45972.989999999496,33730.59000000006,47640.39999999953,65896.08999999904,42745.40999999979,22577.6499999999,38496.73999999968,19747.370000000046,92787.36999999799,24253.059999999972,43107.63999999969
24523.259999999857,20363.549999999934,0.0,16358.139999999928,16253.359999999917,17833.36999999991,20684.9499999999,18978.149999999885,17251.37999999991,39542.50999999966,19639.60999999989,23411.33999999987,16476.829999999904,22447.939999999904,16002.349999999944,19877.549999999883,35100.43999999947,19832.749999999945,16709.419999999936,230593.39999999042,36080.55999999959,35990.259999999595,29635.889999999927,45782.48999999943,17729.929999999953,52992.259999999354,16823.26999999992,25074.50999999993,22900.629999999932,21258.21999999993,29291.83999999984,18055.209999999908,22106.649999999965,35911.50999999963,20995.869999999864,26113.499999999844,26368.819999999876,23619.97999999987,18513.459999999934,43096.009999999565,20125.41999999991,36036.1799999997,26184.659999999825,36475.10999999955,58978.95999999936,33693.37999999973,18844.27999999989,28537.269999999855,24337.419999999973,79584.9999999984,20482.349999999933,34736.8899999997
24393.93999999981,20638.569999999945,16358.139999999928,0.0,15359.479999999923,16518.589999999916,20247.08999999991,15055.609999999935,14023.779999999935,39781.04999999959,16283.509999999938,21016.21999999984,16124.129999999948,18574.93999999999,14655.449999999946,17724.829999999914,36739.21999999939,16853.209999999894,16041.279999999919,230739.3399999907,36042.37999999959,34925.2199999995,27625.569999999887,44980.889999999206,17997.429999999953,52446.91999999937,18091.009999999944,23394.329999999816,22208.809999999958,15507.359999999928,29538.51999999979,14822.489999999914,24830.78999999995,32902.22999999962,19202.42999999992,22606.81999999988,29416.659999999774,21409.159999999792,17180.539999999975,42249.989999999496,19677.35999999994,37522.13999999952,23343.539999999797,35514.1899999995,56267.299999999246,31462.479999999563,15076.539999999906,29078.669999999805,25527.599999999926,79790.85999999814,16362.629999999917,31704.46999999968
26425.099999999828,16759.129999999957,16253.359999999917,15359.479999999923,0.0,14694.20999999996,15771.68999999991,17438.569999999963,15167.919999999947,45465.289999999586,14748.289999999952,26478.699999999815,14697.949999999937,17552.579999999936,13378.849999999977,22444.549999999883,41223.43999999945,20855.849999999882,15768.459999999961,237868.4999999924,38090.1399999996,40849.859999999564,27985.08999999986,52049.349999999264,17526.72999999993,59623.49999999945,18388.50999999992,29938.64999999983,17778.40999999992,16777.859999999913,31850.17999999977,20070.669999999885,20180.90999999991,40620.069999999505,15646.36999999997,26860.71999999986,30498.899999999816,26004.719999999797,13809.619999999948,48138.10999999958,16360.959999999966,41794.85999999967,28156.69999999978,42616.889999999585,60549.4399999992,37566.339999999705,17115.41999999991,32965.58999999983,20716.959999999937,85903.71999999795,18860.349999999926,38708.6099999996
26388.989999999932,17222.09999999996,17833.36999999991,16518.589999999916,14694.20999999996,0.0,17331.77999999995,17139.979999999923,15563.049999999943,44179.13999999956,14777.059999999912,26388.249999999774,12404.139999999943,17318.689999999966,17412.57999999995,22150.999999999833,40716.76999999936,20525.39999999993,14367.389999999961,236836.96999999098,36972.7299999996,39628.82999999946,30112.579999999798,51613.47999999922,19205.179999999928,58513.30999999935,16249.239999999963,29714.119999999657,20563.45999999993,13297.829999999967,35832.74999999974,19297.63999999993,21659.699999999986,37942.33999999943,14780.159999999916,24618.289999999917,31918.809999999838,26782.429999999746,15565.38999999993,48063.39999999965,17964.449999999906,39809.429999999644,27753.86999999974,41187.25999999943,59662.64999999921,36829.00999999969,15517.469999999965,33347.65999999976,20884.489999999976,85926.88999999771,17984.23999999992,36983.1399999996
31521.289999999884,16864.039999999986,20684.9499999999,20247.08999999991,15771.68999999991,17331.77999999995,0.0,20776.13999999993,18283.289999999895,50654.4799999997,17637.819999999927,31828.22999999982,18228.339999999902,16166.609999999979,18622.919999999962,27815.61999999982,48000.769999999444,24286.81999999989,19968.30999999988,243860.12999999354,42762.60999999939,45828.34999999934,33550.979999999756,57980.099999999235,20733.45999999989,65199.34999999941,18786.07999999992,34673.1399999998,18479.13999999995,19493.769999999953,37369.22999999972,23424.43999999993,22079.279999999922,44193.03999999947,14632.279999999959,29840.709999999828,37411.08999999989,32992.34999999972,19229.069999999934,55384.51999999948,20049.049999999985,45925.56999999949,35564.36999999992,47974.63999999949,65606.70999999913,43586.10999999969,19501.16999999996,38748.31999999957,14992.72999999997,92602.4699999979,22754.75999999994,42639.83999999952
22389.009999999857,20272.65999999993,18978.149999999885,15055.609999999935,17438.569999999963,17139.979999999923,20776.13999999993,0.0,13188.82999999996,39335.25999999961,18234.919999999955,20895.24999999987,16448.899999999932,18025.669999999936,18279.519999999942,18958.61999999989,36019.589999999465,20130.55999999988,16295.409999999927,229961.66999999067,34925.22999999957,33811.929999999506,23756.359999999862,44363.75999999934,20758.459999999883,51106.16999999937,16807.639999999952,23926.459999999814,24910.999999999935,13419.149999999947,29161.14999999976,17993.139999999927,26011.999999999953,32666.87999999967,18897.519999999946,24585.12999999985,31904.949999999822,22709.10999999979,18707.009999999937,42873.67999999953,20092.38999999996,38995.349999999606,23731.869999999868,34822.999999999585,54505.649999999325,30368.349999999635,16239.229999999927,31702.21999999978,25119.229999999934,78701.30999999795,16398.53999999997,31132.619999999584
20628.819999999912,20384.36999999986,17251.37999999991,14023.779999999935,15167.919999999947,15563.049999999943,18283.289999999895,13188.82999999996,0.0,37696.52999999963,16759.509999999907,19121.77999999986,15249.329999999987,16293.379999999923,16483.609999999913,18204.349999999922,36025.79999999953,16427.48999999997,15094.879999999945,230636.81999999075,33044.59999999958,33415.79999999954,24263.169999999856,44166.1099999993,19245.889999999905,51101.379999999386,13613.989999999962,22177.32999999988,21117.149999999947,14889.69999999994,25490.95999999983,16501.349999999904,24831.049999999916,32443.169999999678,17936.88999999992,20986.599999999893,29421.839999999796,22914.179999999815,15643.55999999996,42126.169999999685,19963.959999999926,36062.87999999963,22549.079999999907,34443.50999999965,54209.89999999939,30092.95999999971,16287.219999999965,30785.409999999792,24954.13999999989,79690.85999999795,15890.029999999964,30183.369999999704
33526.00999999981,50617.97999999972,39542.50999999966,39781.04999999959,45465.289999999586,44179.13999999956,50654.4799999997,39335.25999999961,37696.52999999963,0.0,47380.39999999957,30288.709999999846,43677.59999999957,45750.529999999664,44302.39999999954,32071.41999999973,23013.529999999835,34170.63999999975,38705.66999999977,196152.18999998918,42657.269999999684,23626.989999999812,39851.09999999986,20939.839999999782,44664.51999999978,21560.96999999982,40838.439999999704,24884.49999999983,48289.359999999724,42083.66999999968,33898.349999999926,36313.4199999997,49564.39999999984,24559.259999999907,50036.579999999536,35873.429999999695,35981.82999999979,36602.949999999786,42277.829999999434,22837.619999999853,49522.70999999967,38083.14999999987,30731.289999999837,20807.819999999818,52637.549999999734,23649.60999999981,40341.58999999956,32961.719999999805,55147.10999999989,47226.0699999992,36215.93999999973,27319.019999999848
28814.769999999757,18280.55999999994,19639.60999999989,16283.509999999938,14748.289999999952,14777.059999999912,17637.819999999927,18234.919999999955,16759.509999999907,47380.39999999957,0.0,28410.28999999981,15838.059999999914,16748.60999999992,16095.379999999943,24248.2399999998,44731.30999999938,22630.299999999825,19821.669999999882,239479.4899999936,40846.7499999993,41711.26999999944,30044.539999999768,53653.579999999136,21142.61999999986,60562.00999999939,18451.93999999988,31220.03999999981,20810.559999999972,15392.269999999922,35790.68999999984,21316.87999999986,22545.299999999963,41606.69999999945,13928.31999999996,27382.329999999853,34715.2099999999,28613.20999999973,18607.469999999917,50528.219999999485,14577.749999999976,44486.64999999942,30742.569999999792,44245.679999999375,60205.58999999913,39040.92999999955,16462.54999999992,36553.41999999959,20073.949999999983,88151.18999999766,20156.93999999988,39038.71999999959
20464.899999999892,32172.389999999847,23411.33999999987,21016.21999999984,26478.699999999815,26388.249999999774,31828.22999999982,20895.24999999987,19121.77999999986,30288.709999999846,28410.28999999981,0.0,24867.729999999803,26815.639999999832,25875.129999999754,18919.649999999925,26080.919999999755,18941.96999999992,19886.899999999954,215897.63999999085,29867.959999999657,24796.17999999977,27590.38999999988,32528.889999999497,27801.629999999834,39321.07999999947,22497.42999999989,14529.60999999995,31951.46999999993,24069.039999999797,27991.579999999827,19669.369999999883,35019.70999999985,27126.109999999702,31062.369999999766,22703.519999999917,27291.919999999864,21352.519999999808,21985.87999999993,31108.569999999752,32340.17999999985,31665.519999999775,17719.039999999946,23858.129999999775,44499.89999999969,22496.69999999985,24478.03999999982,26062.129999999823,37585.29999999987,66646.05999999876,20996.16999999987,22885.069999999825
23674.609999999862,19448.519999999982,16476.829999999904,16124.129999999948,14697.949999999937,12404.139999999943,18228.339999999902,16448.899999999932,15249.329999999987,43677.59999999957,15838.059999999914,24867.729999999803,0.0,17992.049999999945,16244.97999999994,19871.959999999886,37849.909999999465,19181.899999999925,14633.669999999964,233409.589999991,34331.66999999959,38711.74999999939,28503.939999999875,48422.87999999923,16340.999999999949,56346.76999999937,15964.519999999964,27452.17999999974,21818.539999999954,15111.009999999933,33000.409999999756,18535.799999999956,21369.859999999928,38297.91999999948,16817.439999999977,25254.069999999858,29899.38999999984,22329.529999999817,15514.52999999994,45711.999999999585,17592.689999999926,37953.40999999966,26499.249999999858,39697.359999999535,56232.9699999992,37087.209999999744,16437.089999999935,32044.919999999747,22245.80999999996,83429.70999999804,18669.999999999975,36142.47999999962
26416.59999999986,18855.169999999955,22447.939999999904,18574.93999999999,17552.579999999936,17318.689999999966,16166.609999999979,18025.669999999936,16293.379999999923,45750.529999999664,16748.60999999992,26815.639999999832,17992.049999999945,0.0,21255.469999999885,24158.94999999989,44390.1199999994,23820.069999999876,21567.099999999835,237236.9999999923,40654.799999999464,42042.339999999356,31997.36999999976,52110.66999999919,22068.209999999923,59249.83999999932,19773.5899999999,30704.34999999978,22807.169999999976,14535.499999999969,34918.319999999796,20501.769999999968,25833.68999999994,39524.449999999546,17050.82999999994,29455.779999999817,35833.399999999776,29119.07999999973,20350.939999999915,50281.909999999545,19561.819999999923,43421.299999999486,30979.239999999787,41750.04999999951,60284.15999999912,38156.09999999966,19860.879999999972,35976.1099999997,21599.09999999995,85549.67999999809,19443.97000000001,38381.12999999959
28745.829999999776,19264.339999999967,16002.349999999944,14655.449999999946,13378.849999999977,17412.57999999995,18622.919999999962,18279.519999999942,16483.609999999913,44302.39999999954,16095.379999999943,25875.129999999754,16244.97999999994,21255.469999999885,0.0,22654.579999999816,41347.82999999937,20078.679999999847,18094.589999999884,236846.74999999173,40151.069999999454,40075.86999999954,29550.19999999995,51227.89999999913,19975.179999999888,58477.12999999923,17139.879999999925,28346.779999999748,20972.339999999946,20620.429999999906,32406.789999999717,20303.879999999917,21469.479999999985,39505.45999999949,17468.579999999965,25491.64999999979,30268.149999999852,26620.269999999742,16592.24999999996,47901.41999999945,20278.789999999935,40007.52999999968,29719.22999999976,41346.85999999948,60618.48999999931,36577.16999999954,18020.489999999874,32774.09999999978,21506.169999999955,85127.94999999771,20952.01999999995,37327.01999999962
19436.22999999994,27652.13999999987,19877.549999999883,17724.829999999914,22444.549999999883,22150.999999999833,27815.61999999982,18958.61999999989,18204.349999999922,32071.41999999973,24248.2399999998,18919.649999999925,19871.959999999886,24158.94999999989,22654.579999999816,0.0,29394.489999999652,18394.719999999943,18717.449999999895,220758.84999999127,35380.569999999585,28811.88999999979,30665.77999999993,35820.65999999959,21015.45999999991,43791.609999999564,20246.259999999947,20187.819999999858,28452.1399999999,21451.009999999897,27965.1699999999,16396.459999999923,29475.899999999925,26650.199999999735,26714.43999999984,23797.98999999984,28541.489999999838,18797.989999999914,22680.16999999988,35140.139999999614,26013.249999999814,35977.94999999973,19664.029999999886,27590.899999999747,50960.26999999953,25862.209999999784,21340.54999999988,25136.019999999877,32498.34999999984,70633.72999999816,17451.379999999965,27564.939999999777
27436.179999999702,47273.8699999995,35100.43999999947,36739.21999999939,41223.43999999945,40716.76999999936,48000.769999999444,36019.589999999465,36025.79999999953,23013.529999999835,44731.30999999938,26080.919999999755,37849.909999999465,44390.1199999994,41347.82999999937,29394.489999999652,0.0,29838.08999999973,33697.71999999952,199629.43999998993,33068.779999999715,22853.419999999784,37843.38999999961,24541.109999999735,39639.129999999575,28011.479999999614,37622.109999999586,23797.36999999979,46011.009999999675,38980.15999999942,31669.07999999979,32492.409999999618,44929.02999999965,27432.489999999667,47142.049999999464,35329.65999999949,30200.699999999728,28964.39999999985,37831.53999999951,26444.48999999977,45421.01999999942,34012.279999999795,23587.83999999979,25507.66999999971,48216.59999999966,22910.479999999727,37644.259999999515,29309.229999999752,52842.339999999705,52582.23999999883,33819.709999999526,28186.94999999964
21375.189999999962,25773.17999999991,19832.749999999945,16853.209999999894,20855.849999999882,20525.39999999993,24286.81999999989,20130.55999999988,16427.48999999997,34170.63999999975,22630.299999999825,18941.96999999992,19181.899999999925,23820.069999999876,20078.679999999847,18394.719999999943,29838.08999999973,0.0,17448.789999999874,224371.40999999,33121.92999999971,29461.769999999702,27157.459999999908,38806.6199999994,18831.899999999943,46574.78999999934,17990.199999999993,19792.339999999927,26310.69999999997,21893.369999999886,26719.70999999983,17215.539999999997,26314.4399999999,31234.659999999643,24157.059999999867,19595.889999999963,24539.50999999989,22550.10999999987,18796.029999999908,37684.85999999955,25222.669999999856,35909.78999999976,18513.30999999996,30291.479999999698,51208.48999999944,27609.369999999726,17546.289999999917,24966.079999999878,29979.229999999905,75175.38999999815,17144.099999999937,27018.939999999733
20867.559999999878,20971.2299999999,16709.419999999936,16041.279999999919,15768.459999999961,14367.389999999961,19968.30999999988,16295.409999999927,15094.879999999945,38705.66999999977,19821.669999999882,19886.899999999954,14633.669999999964,21567.099999999835,18094.589999999884,18717.449999999895,33697.71999999952,17448.789999999874,0.0,228745.0199999899,30455.199999999775,33727.01999999966,25747.42999999996,43045.34999999939,17310.129999999914,50948.77999999942,15579.909999999927,22869.009999999813,22252.20999999991,16079.039999999932,29511.43999999981,16558.18999999991,23638.40999999988,32570.129999999685,19532.08999999993,22429.559999999838,26215.77999999976,21046.539999999877,13965.739999999987,40464.78999999969,22096.059999999885,33269.09999999974,22437.519999999804,34386.529999999744,53299.27999999931,30920.5399999997,17074.239999999878,27017.26999999983,25556.75999999991,78071.83999999803,16385.909999999934,31537.969999999725
218139.27999998906,244049.1699999926,230593.39999999042,230739.3399999907,237868.4999999924,236836.96999999098,243860.12999999354,229961.66999999067,230636.81999999075,196152.18999998918,239479.4899999936,215897.63999999085,233409.589999991,237236.9999999923,236846.74999999173,220758.84999999127,199629.43999998993,224371.40999999,228745.0199999899,0.0,206667.13999999283,202550.5799999914,223465.24999999188,188472.74999999063,230674.4299999931,181931.81999999163,230394.60999999288,212380.4899999904,239097.48999999333,233162.71999999133,214350.73999999097,225452.82999999038,238643.94999999198,202955.46999998888,243693.2099999924,221654.37999999058,214041.63999999056,216348.07999999137,233293.5599999916,193866.32999999158,240043.27999999284,205358.45999998937,213890.53999998947,198704.86999999054,200150.9399999943,205462.97999999012,231308.85999999222,210669.40999999162,247989.2599999949,158636.0599999923,226374.54999999117,205088.0299999915
29365.559999999845,43733.04999999936,36080.55999999959,36042.37999999959,38090.1399999996,36972.7299999996,42762.60999999939,34925.22999999957,33044.59999999958,42657.269999999684,40846.7499999993,29867.959999999657,34331.66999999959,40654.799999999464,40151.069999999454,35380.569999999585,33068.779999999715,33121.92999999971,30455.199999999775,206667.13999999283,0.0,31231.679999999724,33579.9699999998,39815.089999999786,36029.489999999656,46531.27999999956,33013.20999999974,32012.009999999802,41266.96999999964,34867.99999999959,37407.89999999963,34318.669999999634,41052.3499999995,40482.029999999504,42756.72999999933,31673.019999999742,35012.29999999994,29529.019999999833,33586.999999999745,40592.549999999625,40364.939999999566,34878.159999999756,28687.379999999794,36622.029999999686,44330.97999999974,34558.6399999997,35777.81999999954,34558.149999999696,49147.399999999536,62510.21999999936,33216.22999999976,32703.22999999984
27911.659999999734,46373.98999999945,35990.259999999595,34925.2199999995,40849.859999999564,39628.82999999946,45828.34999999934,33811.929999999506,33415.79999999954,23626.989999999812,41711.26999999944,24796.17999999977,38711.74999999939,42042.339999999356,40075.86999999954,28811.88999999979,22853.419999999784,29461.769999999702,33727.01999999966,202550.5799999914,31231.679999999724,0.0,33662.26999999975,25711.12999999983,39395.00999999965,29079.119999999657,35651.889999999636,21856.0099999998,45420.44999999958,37250.57999999948,32438.83999999976,31977.789999999786,44733.929999999586,27968.429999999797,44970.28999999934,29960.599999999744,33141.43999999984,29889.079999999834,36754.41999999956,23477.449999999903,44567.31999999943,35975.019999999895,23785.15999999987,23864.30999999987,42922.09999999969,18843.59999999997,35439.35999999946,28225.72999999989,50068.399999999354,53205.659999999065,32941.36999999969,23744.90999999985
32120.449999999888,34271.119999999835,29635.889999999927,27625.569999999887,27985.08999999986,30112.579999999798,33550.979999999756,23756.359999999862,24263.169999999856,39851.09999999986,30044.539999999768,27590.38999999988,28503.939999999875,31997.36999999976,29550.19999999995,30665.77999999993,37843.38999999961,27157.459999999908,25747.42999999996,223465.24999999188,33579.9699999998,33662.26999999975,0.0,44535.35999999944,29299.2799999998,51272.86999999951,26846.639999999894,26893.6799999999,35718.43999999982,27203.78999999981,28872.829999999904,29806.499999999844,34082.09999999991,40032.45999999968,33184.95999999975,24444.769999999906,35895.629999999845,30489.289999999903,27330.529999999944,43891.19999999985,31548.349999999802,43164.729999999916,30258.629999999837,40139.819999999716,46130.74999999962,35193.50999999985,27959.229999999847,38094.13999999981,35850.48999999983,74709.20999999826,28161.719999999867,34944.81999999985
35813.749999999774,58174.07999999921,45782.48999999943,44980.889999999206,52049.349999999264,51613.47999999922,57980.099999999235,44363.75999999934,44166.1099999993,20939.839999999782,53653.579999999136,32528.889999999497,48422.87999999923,52110.66999999919,51227.89999999913,35820.65999999959,24541.109999999735,38806.6199999994,43045.34999999939,188472.74999999063,39815.089999999786,25711.12999999983,44535.35999999944,0.0,47542.219999999434,20881.74999999982,46254.51999999935,28093.379999999634,55288.51999999953,47985.30999999938,38128.749999999614,41118.839999999436,56216.05999999944,27760.59999999981,57476.07999999918,38649.94999999946,40408.249999999745,37159.00999999957,47800.70999999936,18263.53999999988,54918.16999999919,39367.48999999979,30590.809999999758,18578.01999999989,46667.729999999705,24856.16999999976,46017.289999999346,35203.15999999967,62856.86999999946,43129.709999999344,41509.71999999943,26424.759999999747
26746.189999999944,23820.85999999988,17729.929999999953,17997.429999999953,17526.72999999993,19205.179999999928,20733.45999999989,20758.459999999883,19245.889999999905,44664.51999999978,21142.61999999986,27801.629999999834,16340.999999999949,22068.209999999923,19975.179999999888,21015.45999999991,39639.129999999575,18831.899999999943,17310.129999999914,230674.4299999931,36029.489999999656,39395.00999999965,29299.2799999998,47542.219999999434,0.0,54931.08999999956,16495.21999999999,29349.29999999987,24283.279999999966,19100.469999999943,31897.82999999981,18214.679999999935,22358.03999999993,37974.219999999565,23112.17999999996,26451.129999999852,30787.269999999873,22500.969999999896,20505.24999999991,46453.479999999625,20009.769999999913,38424.72999999974,27514.829999999813,40287.61999999953,55810.269999999335,38057.089999999764,15691.869999999939,31352.659999999756,24065.34999999992,81066.74999999844,19287.83999999998,37184.97999999973
42242.539999999404,65125.50999999922,52992.259999999354,52446.91999999937,59623.49999999945,58513.30999999935,65199.34999999941,51106.16999999937,51101.379999999386,21560.96999999982,60562.00999999939,39321.07999999947,56346.76999999937,59249.83999999932,58477.12999999923,43791.609999999564,28011.479999999614,46574.78999999934,50948.77999999942,181931.81999999163,46531.27999999956,29079.119999999657,51272.86999999951,20881.74999999982,54931.08999999956,0.0,53445.669999999416,35264.56999999956,62555.18999999942,54560.59999999954,41532.559999999634,47767.30999999943,62738.98999999949,29515.829999999758,64448.90999999922,46324.07999999943,39900.81999999969,43923.71999999964,55682.2599999993,23846.00999999972,62460.7399999994,39465.939999999515,38931.59999999957,26706.349999999697,52496.91999999969,29695.059999999583,53169.91999999952,40554.92999999962,69695.29999999951,35920.219999999645,48742.40999999955,34646.16999999957
23685.8899999999,21468.079999999933,16823.26999999992,18091.009999999944,18388.50999999992,16249.239999999963,18786.07999999992,16807.639999999952,13613.989999999962,40838.439999999704,18451.93999999988,22497.42999999989,15964.519999999964,19773.5899999999,17139.879999999925,20246.259999999947,37622.109999999586,17990.199999999993,15579.909999999927,230394.60999999288,33013.20999999974,35651.889999999636,26846.639999999894,46254.51999999935,16495.21999999999,53445.669999999416,0.0,26758.77999999988,22716.59999999998,17134.229999999938,30037.4699999998,17653.379999999925,22978.419999999915,36023.399999999645,19655.57999999998,22584.709999999937,29905.409999999836,23911.9099999998,17195.38999999999,44624.97999999966,21367.829999999885,35454.8299999996,25659.669999999896,36998.85999999963,53814.849999999526,33351.06999999977,16353.689999999942,29581.739999999892,22799.269999999935,80614.42999999835,17779.620000000014,32440.019999999735
23953.929999999884,35769.339999999735,25074.50999999993,23394.329999999816,29938.64999999983,29714.119999999657,34673.1399999998,23926.459999999814,22177.32999999988,24884.49999999983,31220.03999999981,14529.60999999995,27452.17999999974,30704.34999999978,28346.779999999748,20187.819999999858,23797.36999999979,19792.339999999927,22869.009999999813,212380.4899999904,32012.009999999802,21856.0099999998,26893.6799999999,28093.379999999634,29349.29999999987,35264.56999999956,26758.77999999988,0.0,34057.679999999906,27906.469999999772,25632.529999999915,23302.979999999792,34686.1999999999,24997.61999999981,35072.599999999715,21588.26999999986,28427.249999999833,22212.249999999854,26702.729999999832,26658.119999999755,34607.28999999976,31927.269999999797,20612.709999999945,21822.359999999797,45337.649999999536,20296.989999999834,25841.869999999795,25538.459999999875,40056.669999999845,62851.869999998686,22274.499999999927,22248.799999999792
30434.289999999986,22112.859999999982,22900.629999999932,22208.809999999958,17778.40999999992,20563.45999999993,18479.13999999995,24910.999999999935,21117.149999999947,48289.359999999724,20810.559999999972,31951.46999999993,21818.539999999954,22807.169999999976,20972.339999999946,28452.1399999999,46011.009999999675,26310.69999999997,22252.20999999991,239097.48999999333,41266.96999999964,45420.44999999958,35718.43999999982,55288.51999999953,24283.279999999966,62555.18999999942,22716.59999999998,34057.679999999906,0.0,22762.42999999992,36033.42999999989,25997.759999999984,22058.159999999938,44749.09999999956,20818.77999999996,29335.989999999885,36733.809999999896,32973.48999999985,20957.529999999962,51824.359999999666,23457.869999999974,44696.6499999995,35232.770000000004,46671.45999999961,64901.269999999495,42078.18999999978,23196.570000000003,37378.67999999975,24019.92999999998,88225.4499999981,26283.199999999986,43011.55999999966
24259.339999999887,20316.50999999997,21258.21999999993,15507.359999999928,16777.859999999913,13297.829999999967,19493.769999999953,13419.149999999947,14889.69999999994,42083.66999999968,15392.269999999922,24069.039999999797,15111.009999999933,14535.499999999969,20620.429999999906,21451.009999999897,38980.15999999942,21893.369999999886,16079.039999999932,233162.71999999133,34867.99999999959,37250.57999999948,27203.78999999981,47985.30999999938,19100.469999999943,54560.59999999954,17134.229999999938,27906.469999999772,22762.42999999992,0.0,33356.21999999973,17306.389999999956,22949.249999999865,34288.80999999967,17013.16999999994,25821.29999999985,32354.93999999983,24211.23999999983,17968.559999999958,45893.249999999585,17866.93999999992,39910.09999999971,25133.839999999796,38469.969999999616,55364.29999999923,33771.73999999976,17233.27999999989,32907.94999999978,23122.619999999966,81505.03999999819,17020.32999999995,34959.82999999973
30656.119999999835,39739.32999999972,29291.83999999984,29538.51999999979,31850.17999999977,35832.74999999974,37369.22999999972,29161.14999999976,25490.95999999983,33898.349999999926,35790.68999999984,27991.579999999827,33000.409999999756,34918.319999999796,32406.789999999717,27965.1699999999,31669.07999999979,26719.70999999983,29511.43999999981,214350.73999999097,37407.89999999963,32438.83999999976,28872.829999999904,38128.749999999614,31897.82999999981,41532.559999999634,30037.4699999998,25632.529999999915,36033.42999999989,33356.21999999973,0.0,28395.7099999998,37331.089999999815,32816.28999999972,38264.90999999951,29871.99999999983,32973.019999999764,27454.69999999982,30934.219999999747,39248.02999999982,35712.159999999734,37399.39999999974,28473.27999999982,34798.46999999985,57505.69999999952,31248.359999999884,30575.77999999975,33037.56999999984,42551.63999999988,65852.43999999863,28336.969999999852,35780.48999999986
21570.10999999989,23609.139999999872,18055.209999999908,14822.489999999914,20070.669999999885,19297.63999999993,23424.43999999993,17993.139999999927,16501.349999999904,36313.4199999997,21316.87999999986,19669.369999999883,18535.799999999956,20501.769999999968,20303.879999999917,16396.459999999923,32492.409999999618,17215.539999999997,16558.18999999991,225452.82999999038,34318.669999999634,31977.789999999786,29806.499999999844,41118.839999999436,18214.679999999935,47767.30999999943,17653.379999999925,23302.979999999792,25997.759999999984,17306.389999999956,28395.7099999998,0.0,26197.719999999896,29245.51999999964,23286.65999999987,24309.649999999943,26790.209999999734,19206.60999999996,21407.909999999854,39184.81999999976,23553.849999999824,34266.36999999953,22883.929999999928,31684.33999999972,51878.909999999516,28044.78999999975,18253.569999999952,25061.09999999985,28954.309999999943,75349.68999999814,15815.779999999957,29885.179999999797
31631.129999999906,22457.63999999993,22106.649999999965,24830.78999999995,20180.90999999991,21659.699999999986,22079.279999999922,26011.999999999953,24831.049999999916,49564.39999999984,22545.299999999963,35019.70999999985,21369.859999999928,25833.68999999994,21469.479999999985,29475.899999999925,44929.02999999965,26314.4399999999,23638.40999999988,238643.94999999198,41052.3499999995,44733.929999999586,34082.09999999991,56216.05999999944,22358.03999999993,62738.98999999949,22978.419999999915,34686.1999999999,22058.159999999938,22949.249999999865,37331.089999999815,26197.719999999896,0.0,43552.319999999614,22263.559999999932,32472.449999999862,35554.74999999991,29412.969999999794,23457.61,52464.27999999965,18228.629999999932,42743.16999999982,34631.6499999999,47605.29999999953,64546.4499999994,43196.549999999836,24690.94999999992,36865.23999999974,24203.069999999978,88014.30999999828,25430.239999999987,42673.27999999967
29122.269999999757,44903.3199999994,35911.50999999963,32902.22999999962,40620.069999999505,37942.33999999943,44193.03999999947,32666.87999999967,32443.169999999678,24559.259999999907,41606.69999999945,27126.109999999702,38297.91999999948,39524.449999999546,39505.45999999949,26650.199999999735,27432.489999999667,31234.659999999643,32570.129999999685,202955.46999998888,40482.029999999504,27968.429999999797,40032.45999999968,27760.59999999981,37974.219999999565,29515.829999999758,36023.399999999645,24997.61999999981,44749.09999999956,34288.80999999967,32816.28999999972,29245.51999999964,43552.319999999614,0.0,43032.97999999932,33870.54999999961,34249.74999999971,31091.70999999975,38436.40999999949,29600.519999999728,43461.62999999946,34831.30999999971,28734.2099999997,22619.919999999827,49516.38999999954,23097.98999999975,35202.68999999952,29537.839999999786,49106.86999999957,54178.36999999918,29030.819999999763,27271.67999999972
29537.94999999986,15118.319999999972,20995.869999999864,19202.42999999992,15646.36999999997,14780.159999999916,14632.279999999959,18897.519999999946,17936.88999999992,50036.579999999536,13928.31999999996,31062.369999999766,16817.439999999977,17050.82999999994,17468.579999999965,26714.43999999984,47142.049999999464,24157.059999999867,19532.08999999993,243693.2099999924,42756.72999999933,44970.28999999934,33184.95999999975,57476.07999999918,23112.17999999996,64448.90999999922,19655.57999999998,35072.599999999715,20818.77999999996,17013.16999999994,38264.90999999951,23286.65999999987,22263.559999999932,43032.97999999932,0.0,30492.969999999845,36288.809999999736,32434.589999999695,17757.249999999935,54123.43999999935,16851.729999999985,46137.189999999435,32651.309999999754,46717.59999999932,65756.76999999916,41686.68999999957,17536.509999999904,39018.439999999464,18550.489999999998,91973.2099999978,21445.079999999936,41875.03999999966
28467.99999999987,33868.20999999983,26113.499999999844,22606.81999999988,26860.71999999986,24618.289999999917,29840.709999999828,24585.12999999985,20986.599999999893,35873.429999999695,27382.329999999853,22703.519999999917,25254.069999999858,29455.779999999817,25491.64999999979,23797.98999999984,35329.65999999949,19595.889999999963,22429.559999999838,221654.37999999058,31673.019999999742,29960.599999999744,24444.769999999906,38649.94999999946,26451.129999999852,46324.07999999943,22584.709999999937,21588.26999999986,29335.989999999885,25821.29999999985,29871.99999999983,24309.649999999943,32472.449999999862,33870.54999999961,30492.969999999845,0.0,33964.53999999986,28151.539999999735,24410.0199999999,37927.06999999973,30035.719999999787,34746.19999999979,26627.059999999845,31414.10999999976,49890.819999999454,29038.119999999726,21821.85999999988,31222.909999999763,35419.41999999984,71248.13999999805,23907.269999999888,27793.58999999979
30386.159999999785,37221.069999999854,26368.819999999876,29416.659999999774,30498.899999999816,31918.809999999838,37411.08999999989,31904.949999999822,29421.839999999796,35981.82999999979,34715.2099999999,27291.919999999864,29899.38999999984,35833.399999999776,30268.149999999852,28541.489999999838,30200.699999999728,24539.50999999989,26215.77999999976,214041.63999999056,35012.29999999994,33141.43999999984,35895.629999999845,40408.249999999745,30787.269999999873,39900.81999999969,29905.409999999836,28427.249999999833,36733.809999999896,32354.93999999983,32973.019999999764,26790.209999999734,35554.74999999991,34249.74999999971,36288.809999999736,33964.53999999986,0.0,29869.439999999842,28650.119999999868,39248.86999999965,35838.459999999766,34552.49999999971,26363.35999999989,36057.36999999956,53311.979999999596,30927.199999999786,31479.27999999984,27341.089999999786,41882.120000000024,67126.49999999901,27967.829999999758,35654.649999999696
22060.299999999927,32206.609999999735,23619.97999999987,21409.159999999792,26004.719999999797,26782.429999999746,32992.34999999972,22709.10999999979,22914.179999999815,36602.949999999786,28613.20999999973,21352.519999999808,22329.529999999817,29119.07999999973,26620.269999999742,18797.989999999914,28964.39999999985,22550.10999999987,21046.539999999877,216348.07999999137,29529.019999999833,29889.079999999834,30489.289999999903,37159.00999999957,22500.969999999896,43923.71999999964,23911.9099999998,22212.249999999854,32973.48999999985,24211.23999999983,27454.69999999982,19206.60999999996,29412.969999999794,31091.70999999975,32434.589999999695,28151.539999999735,29869.439999999842,0.0,25536.67999999983,35876.929999999775,29445.21999999971,33892.059999999714,22430.45999999989,31001.389999999803,47269.599999999475,29900.659999999854,25071.47999999979,27642.609999999855,37565.09999999986,69653.8999999983,19794.24999999991,31521.769999999753
24730.439999999933,19141.98999999996,18513.459999999934,17180.539999999975,13809.619999999948,15565.38999999993,19229.069999999934,18707.009999999937,15643.55999999996,42277.829999999434,18607.469999999917,21985.87999999993,15514.52999999994,20350.939999999915,16592.24999999996,22680.16999999988,37831.53999999951,18796.029999999908,13965.739999999987,233293.5599999916,33586.999999999745,36754.41999999956,27330.529999999944,47800.70999999936,20505.24999999991,55682.2599999993,17195.38999999999,26702.729999999832,20957.529999999962,17968.559999999958,30934.219999999747,21407.909999999854,23457.61,38436.40999999949,17757.249999999935,24410.0199999999,28650.119999999868,25536.67999999983,0.0,44670.42999999959,21485.439999999937,37922.079999999645,24558.459999999846,39182.92999999959,55579.8399999995,35274.719999999754,18679.159999999876,29586.269999999786,23415.619999999963,82481.39999999786,19188.709999999945,34600.64999999975
33318.82999999969,54217.859999999535,43096.009999999565,42249.989999999496,48138.10999999958,48063.39999999965,55384.51999999948,42873.67999999953,42126.169999999685,22837.619999999853,50528.219999999485,31108.569999999752,45711.999999999585,50281.909999999545,47901.41999999945,35140.139999999614,26444.48999999977,37684.85999999955,40464.78999999969,193866.32999999158,40592.549999999625,23477.449999999903,43891.19999999985,18263.53999999988,46453.479999999625,23846.00999999972,44624.97999999966,26658.119999999755,51824.359999999666,45893.249999999585,39248.02999999982,39184.81999999976,52464.27999999965,29600.519999999728,54123.43999999935,37927.06999999973,39248.86999999965,35876.929999999775,44670.42999999959,0.0,52353.009999999456,38777.54999999952,31013.749999999647,20321.359999999815,48720.16999999971,22759.769999999797,43620.74999999961,31233.91999999983,59482.60999999972,46487.86999999938,39235.51999999972,26429.559999999787
30086.239999999798,18105.989999999947,20125.41999999991,19677.35999999994,16360.959999999966,17964.449999999906,20049.049999999985,20092.38999999996,19963.959999999926,49522.70999999967,14577.749999999976,32340.17999999985,17592.689999999926,19561.819999999923,20278.789999999935,26013.249999999814,45421.01999999942,25222.669999999856,22096.059999999885,240043.27999999284,40364.939999999566,44567.31999999943,31548.349999999802,54918.16999999919,20009.769999999913,62460.7399999994,21367.829999999885,34607.28999999976,23457.869999999974,17866.93999999992,35712.159999999734,23553.849999999824,18228.629999999932,43461.62999999946,16851.729999999985,30035.719999999787,35838.459999999766,29445.21999999971,21485.439999999937,52353.009999999456,0.0,46334.97999999939,31471.079999999813,46022.88999999941,63066.39999999929,41547.779999999715,19226.439999999886,37947.04999999968,21858.16,89405.81999999809,21701.649999999885,40705.80999999956
